1.000000000 0.000000000 0.000000000 0.000000000 0.000000000 1.000000000 0.000000000 0.000000000 0.000000000 0.000000000 1.000000000 0.000000000
0.999978244 0.000438460 -0.006580345 -0.006674884 -0.000435276 0.999999762 0.000485265 -0.003018374 0.006580556 -0.000482390 0.999978244 0.091790579
0.999908805 0.001059386 -0.013463778 -0.019591309 -0.001054849 0.999999404 0.000344023 -0.003479812 0.013464134 -0.000329789 0.999909282 0.188355327
0.999777138 0.001315874 -0.021069705 -0.028812982 -0.001323888 0.999999046 -0.000366440 -0.004240587 0.021069203 0.000394252 0.999777913 0.286122978
0.999545574 0.001907779 -0.030083807 -0.047010303 -0.001962273 0.999996483 -0.001781967 -0.004393767 0.030080302 0.001840190 0.999545813 0.383370370
0.999133527 0.002044298 -0.041570015 -0.064951673 -0.002186597 0.999991894 -0.003377948 -0.004619977 0.041562773 0.003465918 0.999129891 0.497069955
0.998470962 0.001927785 -0.055245217 -0.083937407 -0.002168727 0.999988377 -0.004301681 -0.005043530 0.055236284 0.004414916 0.998463571 0.622190952
0.997441232 0.002041913 -0.071462214 -0.112353995 -0.002361219 0.999987602 -0.004383997 -0.004829629 0.071452372 0.004541517 0.997433662 0.764565647
0.995934367 0.000533595 -0.090080537 -0.143913850 -0.000932365 0.999989927 -0.004384796 -0.007256589 0.090077288 0.004450957 0.995924830 0.912867725
0.993933260 -0.000548478 -0.109983407 -0.181147352 0.000037591 0.999989212 -0.004647146 -0.008567598 0.109984763 0.004614818 0.993922532 1.074230909
0.991241753 -0.000497663 -0.132059038 -0.227754384 -0.000174654 0.999987066 -0.005079403 -0.011264435 0.132059857 0.005057980 0.991228819 1.234786153
0.987722814 0.002764573 -0.156192005 -0.281673312 -0.003834215 0.999971151 -0.006547380 -0.013810703 0.156169385 0.007065870 0.987704992 1.396316409
0.983364940 0.007205381 -0.181497917 -0.348028123 -0.008807739 0.999928951 -0.008024075 -0.020014368 0.181427196 0.009489181 0.983358502 1.576300621
0.978002608 0.009840177 -0.208360359 -0.422924042 -0.011994981 0.999886811 -0.009080710 -0.022677157 0.208247408 0.011380237 0.978009939 1.761084795
0.971262634 0.010805991 -0.237765044 -0.490352154 -0.013413358 0.999866307 -0.009351032 -0.026065076 0.237632215 0.012271536 0.971277714 1.935957789
0.963232517 0.012161060 -0.268393874 -0.580265522 -0.015074887 0.999847651 -0.008798316 -0.025679909 0.268245995 0.012520831 0.963269055 2.137422800
0.953792393 0.013470476 -0.300164223 -0.676993430 -0.016610347 0.999830663 -0.007911091 -0.024790686 0.300006926 0.012531368 0.953854740 2.332737207
0.942477405 0.015289953 -0.333919853 -0.767822921 -0.018641062 0.999802887 -0.006833507 -0.027127730 0.333749503 0.012665045 0.942576647 2.500973940
0.929943681 0.017314009 -0.367294282 -0.867233217 -0.021154253 0.999755502 -0.006432127 -0.030502552 0.367093056 0.013751350 0.930082619 2.676638603
0.916060925 0.019722499 -0.400553942 -0.986207604 -0.024107203 0.999691844 -0.005909922 -0.029261651 0.400314033 0.015070082 0.916254103 2.865314484
0.900055587 0.019702131 -0.435329437 -1.113667965 -0.024547121 0.999683499 -0.005508193 -0.026416272 0.435083151 0.015643762 0.900254309 3.057668924
0.881565273 0.014462799 -0.471840650 -1.244464874 -0.019929055 0.999779582 -0.006589403 -0.023216508 0.471641421 0.015212326 0.881659210 3.246188164
0.860399306 0.009398530 -0.509533763 -1.389049172 -0.015152495 0.999859631 -0.007143758 -0.027402177 0.509395123 0.013867194 0.860421062 3.431947708
0.835399508 0.010144816 -0.549549580 -1.545499563 -0.015052934 0.999876916 -0.004424798 -0.029680001 0.549437165 0.011968805 0.835449338 3.610388041
0.806308866 0.014966555 -0.591305375 -1.723994017 -0.019348718 0.999812126 -0.001077782 -0.032407723 0.591178179 0.012310024 0.806447029 3.773025513
0.773650408 0.016409891 -0.633400142 -1.922393322 -0.021268342 0.999773800 -0.000075910 -0.033095155 0.633255601 0.013530096 0.773824513 3.949283123
0.737360239 0.012034846 -0.675392509 -2.148683786 -0.018009471 0.999836206 -0.001845736 -0.017841328 0.675259590 0.013524436 0.737456143 4.175304890
0.697409034 0.008083667 -0.716627717 -2.367562532 -0.012539623 0.999920845 -0.000924076 -0.019595500 0.716563642 0.009630700 0.697455227 4.342534065
0.656770289 0.016542327 -0.753909171 -2.620395660 -0.017286569 0.999826908 0.006879023 -0.056976467 0.753892541 0.008514567 0.656942487 4.421064854
0.611682296 0.015913481 -0.790943384 -2.880064964 -0.014718075 0.999853551 0.008734331 -0.052854147 0.790966511 0.006298530 0.611826897 4.572791100
0.563762546 0.016642645 -0.825769246 -3.155920029 -0.012566835 0.999854088 0.011571641 -0.049632937 0.825841367 0.003853649 0.563889325 4.705228329
0.513106644 0.017722066 -0.858141899 -3.451241493 -0.011123023 0.999840200 0.013997613 -0.050873332 0.858252823 0.002362865 0.513221741 4.821695328
0.462186873 0.019641334 -0.886564910 -3.744207144 -0.011181874 0.999804318 0.016320713 -0.050681889 0.886712074 0.002370237 0.462316036 4.901777267
0.408283055 0.022316897 -0.912582457 -4.074755669 -0.010055730 0.999750435 0.019949690 -0.049555033 0.912800014 0.001031563 0.408405513 4.995469093
0.351639569 0.022982886 -0.935853302 -4.355729103 -0.008051420 0.999735773 0.021526469 -0.039710343 0.936100781 -0.000034611 0.351731688 5.076884270
0.295905471 0.025916247 -0.954865575 -4.726041317 -0.005863302 0.999662220 0.025315095 -0.033491477 0.955199182 -0.001892211 0.295957506 5.153334141
0.241126090 0.027180435 -0.970113099 -5.114190578 -0.001920104 0.999619067 0.027529877 -0.020843342 0.970491886 -0.004775454 0.241086453 5.232295036
0.192038506 0.027744275 -0.980995059 -5.523694038 -0.000263968 0.999601841 0.028218824 -0.012774631 0.981387436 -0.005160149 0.191969305 5.259241104
0.146015570 0.029634546 -0.988838315 -5.968681335 -0.004216136 0.999560773 0.029333316 -0.004778877 0.989273310 -0.000114044 0.146076411 5.273704052
0.102181904 0.030324951 -0.994303405 -6.349546909 -0.002076860 0.999539554 0.030271214 -0.014886275 0.994763553 -0.001028141 0.102197833 5.281948566
0.064359531 0.029066825 -0.997503281 -6.799262047 -0.003420535 0.999576271 0.028906532 -0.003275961 0.997920811 0.001551585 0.064431667 5.277110577
0.029438302 0.026606018 -0.999212503 -7.258804321 -0.001928915 0.999645293 0.026560716 0.005478993 0.999564767 0.001145493 0.029479191 5.268527031
-0.001587145 0.023781743 -0.999715924 -7.736379147 -0.001643431 0.999715686 0.023784347 0.013270840 0.999997377 0.001680713 -0.001547612 5.235576630
-0.027100941 0.020849630 -0.999415219 -8.231512070 -0.002459934 0.999778152 0.020923903 0.030682057 0.999629676 0.003025553 -0.027043642 5.189581394
-0.049512364 0.018811950 -0.998596311 -8.760970116 -0.003062109 0.999815047 0.018986734 0.035331339 0.998768747 0.003997890 -0.049445599 5.171998024
-0.065844573 0.018070159 -0.997666240 -9.283331871 -0.002526812 0.999829769 0.018276110 0.046462171 0.997826636 0.003724298 -0.065787703 5.124358654
-0.078405492 0.018803108 -0.996744215 -9.819243431 -0.002266861 0.999816298 0.019039372 0.050015971 0.996918976 0.003752272 -0.078348458 5.066046715
-0.088050842 0.019760011 -0.995919943 -10.373242378 -0.002184944 0.999796987 0.020030113 0.058070719 0.996113598 0.003939698 -0.087989792 5.008865833
-0.094581977 0.021367650 -0.995287716 -10.948109627 -0.004768011 0.999748468 0.021916522 0.056588680 0.995505750 0.006818451 -0.094456300 4.940409184
-0.099030577 0.021877963 -0.994843841 -11.549550056 -0.003917085 0.999741971 0.022375602 0.077000096 0.995076656 0.006112757 -0.098919325 4.872179985
-0.100562446 0.022624362 -0.994673491 -12.150413513 -0.001843778 0.999735475 0.022925910 0.088500023 0.994929016 0.004139444 -0.100494131 4.809214592
-0.099786349 0.024907038 -0.994697094 -12.770320892 0.000420568 0.999687612 0.024989806 0.097627595 0.995008707 0.002075305 -0.099765658 4.750089645
-0.098372370 0.027099716 -0.994780660 -13.407690048 -0.000154625 0.999628723 0.027247081 0.108928621 0.995149672 0.002834178 -0.098331667 4.687041283
-0.096787401 0.027060224 -0.994937062 -14.051585197 -0.001947752 0.999623239 0.027377155 0.116911441 0.995303094 0.004587655 -0.096698239 4.621837139
-0.095007218 0.024555760 -0.995173693 -14.708887100 -0.003201926 0.999683022 0.024972705 0.127347782 0.995471418 0.005559060 -0.094898470 4.558022976
-0.093641452 0.024212305 -0.995311677 -15.390803337 -0.004472257 0.999683857 0.024739429 0.142476439 0.995595932 0.006767926 -0.093503550 4.486918449
-0.091940977 0.027385753 -0.995387852 -16.089931488 -0.004056687 0.999603093 0.027876435 0.154407948 0.995756149 0.006600962 -0.091793388 4.420515060
-0.089998029 0.030845061 -0.995464146 -16.803010941 -0.005424578 0.999490261 0.031460240 0.164861321 0.995927155 0.008231333 -0.089784838 4.351384640
-0.088406034 0.032959614 -0.995539010 -17.522556305 -0.005623093 0.999419928 0.033587448 0.175879836 0.996068597 0.008567341 -0.088169411 4.286951065
-0.086317383 0.031779692 -0.995760739 -18.269279480 -0.007839493 0.999438465 0.032576635 0.196665913 0.996236742 0.010618187 -0.086019792 4.208850861
-0.084561825 0.028630078 -0.996006846 -19.021394730 -0.010834031 0.999501586 0.029650355 0.212535381 0.996359348 0.013298058 -0.084209502 4.140507221
-0.083355375 0.028396739 -0.996115208 -19.785110474 -0.011672904 0.999497533 0.029469950 0.223171622 0.996451557 0.014084036 -0.082981996 4.072113037
-0.081757605 0.031073615 -0.996167660 -20.564140320 -0.009356107 0.999445915 0.031943746 0.232684523 0.996608317 0.011931895 -0.081421576 4.006326199
-0.080802791 0.032882608 -0.996187568 -21.367439270 -0.007325232 0.999409080 0.033583108 0.251257539 0.996703207 0.010010915 -0.080514170 3.936994791
-0.079500608 0.034654047 -0.996232212 -22.153629303 -0.005931057 0.999361396 0.035236195 0.265427291 0.996817172 0.008710009 -0.079244301 3.871803999
-0.078300945 0.029371830 -0.996496975 -22.959001541 -0.006782079 0.999527097 0.029994048 0.288441151 0.996906638 0.009106885 -0.078064725 3.809871197
-0.078003012 0.022331405 -0.996703029 -23.766361237 -0.005291807 0.999725699 0.022813275 0.298570365 0.996939063 0.007053866 -0.077863470 3.742656946
-0.078163512 0.017951310 -0.996778905 -24.578557968 -0.002255266 0.999832153 0.018183149 0.307648718 0.996937990 0.003669261 -0.078109905 3.677931309
-0.079045795 0.018506082 -0.996699274 -25.408578873 -0.001099274 0.999825478 0.018651310 0.321488678 0.996870399 0.002569953 -0.079011664 3.615054607
-0.078740828 0.026641807 -0.996539056 -26.245870590 -0.001215933 0.999639452 0.026820770 0.320953399 0.996894360 0.003323615 -0.078680068 3.538779497
-0.079130091 0.033529650 -0.996300280 -27.081872940 -0.002968196 0.999421775 0.033870455 0.333494902 0.996860027 0.005637386 -0.078984797 3.471102476
-0.079758778 0.038780283 -0.996059597 -27.932697296 -0.004790338 0.999216557 0.039286777 0.349218547 0.996802807 0.007904928 -0.079510510 3.397337437
-0.079986148 0.038855519 -0.996038377 -28.768033981 -0.006663296 0.999196768 0.039513826 0.363598347 0.996773720 0.009797457 -0.079663001 3.319678545
-0.080180302 0.035320599 -0.996154428 -29.606212616 -0.006865930 0.999328673 0.035985790 0.378376007 0.996756732 0.009724879 -0.079883970 3.241218805
-0.080060557 0.032402527 -0.996263146 -30.443990707 -0.007210540 0.999426484 0.033084858 0.399049222 0.996763885 0.009832388 -0.079781003 3.158398628
-0.080089673 0.033654142 -0.996219397 -31.277568817 -0.008780323 0.999367297 0.034466360 0.414764404 0.996748984 0.011507528 -0.079743519 3.079855204
-0.080494232 0.037109748 -0.996064007 -32.078655243 -0.010539736 0.999219120 0.038079027 0.409358263 0.996699452 0.013563394 -0.080040261 3.026914358
-0.079982825 0.035344217 -0.996169329 -32.910030365 -0.011243641 0.999275565 0.036357176 0.423494101 0.996732831 0.014108521 -0.079527505 2.951092005
-0.079500549 0.030022219 -0.996382594 -33.745044708 -0.011905960 0.999446452 0.031064503 0.440926433 0.996763766 0.014332538 -0.079099104 2.873180628
-0.079363868 0.025914637 -0.996508837 -34.578578949 -0.012892612 0.999551713 0.027020562 0.454958558 0.996762335 0.014992056 -0.078994192 2.791411400
-0.079142012 0.026828438 -0.996502280 -35.390998840 -0.012215905 0.999536633 0.027880315 0.470149875 0.996788502 0.014379681 -0.078777604 2.738677025
-0.078813851 0.029580191 -0.996450365 -36.210781097 -0.011106334 0.999471605 0.030548329 0.475847960 0.996827424 0.013474544 -0.078443684 2.679105759
-0.078514911 0.034714829 -0.996308386 -37.034667969 -0.010825981 0.999304831 0.035672393 0.484762192 0.996854126 0.013586830 -0.078084528 2.616004467
-0.076887682 0.039821189 -0.996244192 -37.876098633 -0.010689335 0.999111712 0.040760785 0.506563425 0.996982455 0.013783191 -0.076393716 2.526935101
-0.077027470 0.043301407 -0.996088207 -38.684829712 -0.011005737 0.998958588 0.044277266 0.513006449 0.996968329 0.014373250 -0.076470695 2.464209795
-0.076910898 0.043151997 -0.996103704 -39.519256592 -0.010488768 0.998972654 0.044086140 0.538102150 0.996982753 0.013838604 -0.076379269 2.398965120
-0.077784412 0.038529035 -0.996225417 -40.357234955 -0.010939085 0.999159813 0.039496638 0.563042045 0.996910214 0.013970018 -0.077297606 2.335023403
-0.077272840 0.034236938 -0.996421933 -41.182067871 -0.011699772 0.999310315 0.035243496 0.581086338 0.996941447 0.014381276 -0.076818995 2.260480642
-0.077803321 0.031610101 -0.996467412 -41.999401093 -0.015424415 0.999339402 0.032905534 0.593683779 0.996849477 0.017930089 -0.077264369 2.199435711
-0.077756055 0.030440714 -0.996507645 -42.816139221 -0.018859759 0.999309957 0.031997927 0.598558009 0.996794105 0.021281928 -0.077128306 2.118262291
-0.078601703 0.028512381 -0.996498227 -43.634151459 -0.016370269 0.999419272 0.029887205 0.607257485 0.996771693 0.018662132 -0.078089304 2.052632809
-0.079300322 0.023952603 -0.996562898 -44.466583252 -0.012875605 0.999603271 0.025050242 0.633054018 0.996767640 0.014817843 -0.078960449 1.976005077
-0.080428421 0.022957377 -0.996495962 -45.278915405 -0.008883305 0.999678493 0.023747679 0.632624865 0.996720791 0.010762165 -0.080198623 1.916749001
-0.082728386 0.026765749 -0.996212602 -46.104190826 -0.008629965 0.999582469 0.027572943 0.636879027 0.996534705 0.010878345 -0.082462862 1.849461079
-0.084957115 0.033272222 -0.995828986 -46.924694061 -0.006365142 0.999403775 0.033934698 0.641571224 0.996364295 0.009221585 -0.084694684 1.782546520
-0.086515486 0.036978312 -0.995564103 -47.733966827 -0.004670381 0.999284863 0.037522379 0.651641488 0.996239543 0.007895930 -0.086280912 1.707102776
-0.087035328 0.035728008 -0.995564401 -48.537418365 -0.005017969 0.999328256 0.036301773 0.665627003 0.996192515 0.008155247 -0.086797580 1.617009640
-0.088386625 0.032036431 -0.995570838 -49.331306458 -0.008323886 0.999423981 0.032899410 0.676048696 0.996051490 0.011194888 -0.088069044 1.538932323
-0.089275092 0.027925452 -0.995615423 -50.124614716 -0.012232918 0.999500751 0.029131332 0.688996315 0.995931864 0.014779989 -0.088888898 1.453656197
-0.090978563 0.026628517 -0.995496750 -50.920841217 -0.016121848 0.999472082 0.028208228 0.699252248 0.995722413 0.018615594 -0.090501226 1.371357918
-0.092158578 0.027818469 -0.995355666 -51.710105896 -0.017610839 0.999407768 0.029562276 0.706564426 0.995588541 0.020253465 -0.091614097 1.288411140
-0.092880227 0.029531848 -0.995239139 -52.503055573 -0.017095741 0.999365330 0.031249732 0.712298453 0.995530367 0.019916836 -0.092316419 1.208122253
-0.093635246 0.028417742 -0.995200932 -53.269489288 -0.017874246 0.999383390 0.030218907 0.733031273 0.995446205 0.020618018 -0.093069561 1.122261047
-0.093875207 0.028717024 -0.995169699 -54.040981293 -0.019678172 0.999335051 0.030693484 0.741080344 0.995389581 0.022464477 -0.093247682 1.028868198
-0.094528601 0.030513193 -0.995054364 -54.826248169 -0.017801411 0.999318480 0.032335062 0.750988245 0.995362997 0.020769961 -0.093921013 0.955282688
-0.095427670 0.033432305 -0.994874775 -55.604091644 -0.017139303 0.999232411 0.035222735 0.761164665 0.995288730 0.020412683 -0.094781429 0.882577896
-0.094980612 0.037390042 -0.994776666 -56.352523804 -0.017960271 0.999067307 0.039266150 0.773509264 0.995316982 0.021595983 -0.094220512 0.797723293
-0.095333979 0.039309986 -0.994668782 -57.112606049 -0.016934948 0.999011338 0.041104726 0.802751184 0.995301306 0.020763343 -0.094574004 0.720097065
-0.096048810 0.039407089 -0.994596183 -57.861286163 -0.016315043 0.999019444 0.041157905 0.816348553 0.995242953 0.020180045 -0.095311709 0.645707130
-0.096337378 0.037720166 -0.994633734 -58.591651917 -0.015543800 0.999102831 0.039395176 0.827297688 0.995227396 0.019255616 -0.095664628 0.573481560
-0.096116386 0.033742767 -0.994798005 -59.308536530 -0.015801299 0.999247432 0.035420403 0.843093276 0.995244682 0.019123580 -0.095510870 0.496364594
-0.096278913 0.031239940 -0.994864047 -60.030742645 -0.016808711 0.999313712 0.033006340 0.846999526 0.995212376 0.019900197 -0.095687747 0.423773766
-0.094877802 0.028892487 -0.995069623 -60.737152100 -0.017266033 0.999380529 0.030663941 0.856659591 0.995339096 0.020090230 -0.094320178 0.349573612
-0.092409186 0.028279791 -0.995319486 -61.427631378 -0.019644771 0.999350190 0.030218219 0.861283243 0.995527327 0.022345264 -0.091793597 0.276591301
-0.088346973 0.029322492 -0.995658100 -62.110176086 -0.020355402 0.999304771 0.031236069 0.864418387 0.995881736 0.023026634 -0.087688684 0.214491367
-0.082415566 0.030772656 -0.996122837 -62.771289825 -0.019492622 0.999282181 0.032483004 0.873347282 0.996407330 0.022094153 -0.081756569 0.161201000
-0.074999578 0.032461904 -0.996654987 -63.422088623 -0.018866910 0.999244869 0.033966012 0.878495812 0.997004986 0.021351235 -0.074330486 0.105798721
-0.066244848 0.033843677 -0.997229278 -64.058898926 -0.020093493 0.999176681 0.035244551 0.885235071 0.997600973 0.022372589 -0.065510258 0.065318108
-0.054325800 0.035415757 -0.997894883 -64.679687500 -0.022154897 0.999082088 0.036664005 0.894635320 0.998277426 0.024100065 -0.053491294 0.030150414
-0.039309815 0.036914475 -0.998544931 -65.293693542 -0.025148058 0.998964250 0.037919976 0.904956222 0.998910546 0.026602093 -0.038340766 0.003644943
-0.020902179 0.038465850 -0.999041259 -65.864234924 -0.026916070 0.998875737 0.039022621 0.908015490 0.999419153 0.027705923 -0.019843331 -0.007953882
0.000981530 0.038562205 -0.999255717 -66.454162598 -0.027051065 0.998891532 0.038521580 0.925461650 0.999633551 0.026993120 0.002023591 0.006928653
0.026440229 0.038883623 -0.998893917 -66.999176025 -0.026577523 0.998917341 0.038181044 0.933798909 0.999297023 0.025538608 0.027445033 0.037412524
0.055556212 0.038558461 -0.997710764 -67.516113281 -0.025367107 0.998986006 0.037195206 0.939185023 0.998133183 0.023242615 0.056477990 0.085722685
0.089864202 0.038359243 -0.995214999 -68.003944397 -0.024386482 0.999043167 0.036304791 0.949429274 0.995655358 0.021007296 0.090713665 0.146127224
0.127734616 0.038050387 -0.991078198 -68.489379883 -0.024065349 0.999088407 0.035256270 0.966605306 0.991516352 0.019347200 0.128533900 0.229708672
0.168420643 0.038616013 -0.984958529 -68.940299988 -0.023912583 0.999098301 0.035081495 0.957089424 0.985425115 0.017644450 0.169192180 0.325860023
0.213107631 0.039576754 -0.976226807 -69.376800537 -0.022776809 0.999108851 0.035532292 0.959172606 0.976763129 0.014663130 0.213819161 0.448959351
0.260849059 0.038431015 -0.964614332 -69.801971436 -0.019371081 0.999214411 0.034571227 0.955774069 0.965185225 0.009667745 0.261388570 0.601886749
0.311101496 0.033545401 -0.949784458 -70.210563660 -0.012216819 0.999435484 0.031297401 0.958266497 0.950298131 0.001866677 0.311335564 0.772172928
0.362884253 0.028212685 -0.931407094 -70.632743835 -0.007692236 0.999598086 0.027281264 0.962810040 0.931802392 -0.002735345 0.362955451 0.963722229
0.414344311 0.022404768 -0.909844398 -70.963165283 -0.001021891 0.999707699 0.024152270 0.976519048 0.910119653 -0.009077594 0.414246142 1.191188812
0.465445042 0.021734726 -0.884809911 -71.339500427 -0.001163094 0.999712527 0.023945397 0.984020054 0.885076106 -0.010116151 0.465336591 1.426179886
0.513546109 0.020545876 -0.857815981 -71.702331543 0.000538477 0.999705315 0.024266692 0.987446964 0.858061850 -0.012923979 0.513383806 1.683128357
0.558320642 0.016294027 -0.829465270 -72.043403625 0.008391652 0.999644995 0.025285536 0.988504052 0.829582810 -0.021078022 0.557985663 1.967311859
0.601653218 0.010266531 -0.798691571 -72.350997925 0.018642690 0.999464452 0.026890825 0.983100533 0.798539996 -0.031068707 0.601139665 2.273128510
0.643359423 0.005608450 -0.765543759 -72.646423340 0.020203665 0.999500513 0.024301507 0.977807820 0.765297651 -0.031101393 0.642924845 2.585472107
0.683828831 0.000569453 -0.729642272 -72.939346313 0.017541332 0.999697804 0.017220145 0.984119952 0.729431570 -0.024574529 0.683612168 2.914089203
0.724147022 -0.006169179 -0.689617991 -73.211593628 0.013435755 0.999896407 0.005163613 0.993694842 0.689514697 -0.013004756 0.724154890 3.251419067
0.764694750 -0.006058300 -0.644364238 -73.469619751 0.006234273 0.999978542 -0.002003297 0.972641885 0.644362509 -0.002485231 0.764716148 3.581176758
0.801722825 -0.007269096 -0.597651839 -73.731613159 0.005102904 0.999972761 -0.005317115 0.973089039 0.597674191 0.001213093 0.801738203 3.984180450
0.835848272 -0.008966286 -0.548887372 -73.989608765 0.005800549 0.999955058 -0.007501546 0.973037839 0.548929930 0.003086305 0.835862637 4.421466827
0.866140366 -0.007005956 -0.499751776 -74.202949524 0.002515315 0.999950230 -0.009658778 0.959709108 0.499794543 0.007108823 0.866114795 4.857612610
0.892591953 -0.005766062 -0.450828552 -74.436065674 0.002035550 0.999959588 -0.008759234 0.952277958 0.450860769 0.006900737 0.892567575 5.334901810
0.913762033 0.001095612 -0.406248719 -74.645080566 -0.004858283 0.999954343 -0.008230803 0.950837135 0.406221151 0.009494663 0.913725495 5.844638824
0.931262970 0.005150690 -0.364311606 -74.832618713 -0.009348646 0.999908745 -0.009760402 0.939642847 0.364228070 0.012495319 0.931225955 6.360073090
0.944745719 0.009785634 -0.327657938 -75.006698608 -0.013335741 0.999874234 -0.008589696 0.929314256 0.327532649 0.012484643 0.944757342 6.890874863
0.954669774 0.010930276 -0.297466010 -75.167884827 -0.013546435 0.999885559 -0.006734714 0.917009771 0.297358304 0.010459031 0.954708815 7.443683624
0.961573601 0.009586667 -0.274379909 -75.297958374 -0.011619942 0.999915659 -0.005786027 0.913546562 0.274301320 0.008751969 0.961603940 8.025846481
0.967429221 0.009594725 -0.252959996 -75.448585510 -0.010951413 0.999932110 -0.003955724 0.906012654 0.252904892 0.006597153 0.967468619 8.622896194
0.971938789 0.012046151 -0.234925553 -75.591949463 -0.012737762 0.999917865 -0.001426684 0.897728324 0.234889060 0.004379076 0.972012281 9.242389679
0.975405514 0.016714985 -0.219783187 -75.737434387 -0.017123383 0.999853373 0.000046808 0.892916083 0.219751790 0.003717775 0.975548685 9.884091377
0.978088677 0.020478666 -0.207179084 -75.873146057 -0.020641703 0.999786019 0.001374983 0.881538630 0.207162917 0.002931674 0.978302062 10.543334961
0.980848789 0.018676186 -0.193873167 -76.006271362 -0.018858032 0.999821782 0.000907696 0.877914786 0.193855599 0.002765754 0.981026173 11.216811180
0.983536661 0.018505998 -0.179758385 -76.138610840 -0.018762436 0.999823987 0.000273655 0.875960052 0.179731801 0.003103555 0.983710766 11.908318520
0.986119390 0.021242671 -0.164673269 -76.243087769 -0.021341112 0.999771595 0.001171617 0.859987378 0.164660573 0.002358957 0.986347497 12.581515312
0.988314807 0.022731856 -0.150722027 -76.348052979 -0.022718171 0.999740303 0.001812937 0.850598454 0.150724098 0.001632377 0.988574564 13.289428711
0.990128517 0.022731952 -0.138307169 -76.443893433 -0.023097480 0.999732733 -0.001038249 0.838054299 0.138246611 0.004222547 0.990388870 14.005006790
0.991592944 0.023407849 -0.127261728 -76.542541504 -0.024341566 0.999687016 -0.005786527 0.816719055 0.127086431 0.008835629 0.991852343 14.740071297
0.992770195 0.021630919 -0.118065536 -76.626083374 -0.023212479 0.999658108 -0.012036853 0.804758847 0.117764793 0.014690424 0.992932916 15.481726646
0.993622720 0.022080729 -0.110572040 -76.707084656 -0.023579672 0.999646723 -0.012266836 0.788751721 0.110262118 0.014795859 0.993792355 16.259187698
0.994470954 0.023536403 -0.102339767 -76.808311462 -0.024311995 0.999684334 -0.006337746 0.777229846 0.102158286 0.008790788 0.994729459 17.055234909
0.994921029 0.027824445 -0.096736640 -76.895309448 -0.027767902 0.999612510 0.001930946 0.758688331 0.096752875 0.000765036 0.995308161 17.821872711
0.995354414 0.028726825 -0.091893576 -76.983428955 -0.028366249 0.999583900 0.005227848 0.748628139 0.092005529 -0.002596885 0.995755196 18.591327667
0.995777309 0.026865946 -0.087782629 -77.069046021 -0.026603580 0.999637365 0.004157580 0.742268741 0.087862499 -0.001804691 0.996131063 19.362056732
0.996013045 0.024965642 -0.085642196 -77.130294800 -0.024793236 0.999687910 0.003076299 0.743920922 0.085692257 -0.000940687 0.996321261 20.140594482
0.996220767 0.025343470 -0.083077230 -77.192779541 -0.024952069 0.999672115 0.005746413 0.714899302 0.083195634 -0.003651747 0.996526539 20.920091629
0.996527076 0.023527570 -0.079876624 -77.259857178 -0.022958150 0.999704123 0.008039789 0.706035852 0.080042168 -0.006178048 0.996772289 21.688270569
0.996797442 0.021172713 -0.077114649 -77.324516296 -0.020491296 0.999743760 0.009617114 0.698921919 0.077298522 -0.008006135 0.996975780 22.461652756
0.996977687 0.020621791 -0.074901775 -77.377937317 -0.020181481 0.999774337 0.006630761 0.679826260 0.075021617 -0.005099092 0.997168839 23.212917328
0.997044325 0.023422413 -0.073171414 -77.440330505 -0.023540048 0.999722600 -0.000745540 0.670403540 0.073133662 0.002465794 0.997319102 23.961818695
0.997113287 0.023308059 -0.072264135 -77.485343933 -0.024002381 0.999673665 -0.008754575 0.663210869 0.072036512 0.010463816 0.997347116 24.708459854
0.997125328 0.024157047 -0.071816526 -77.536979675 -0.025178185 0.999593794 -0.013347469 0.649720609 0.071464919 0.015117308 0.997328579 25.466642380
0.997266412 0.025648540 -0.069295064 -77.602706909 -0.026552474 0.999573469 -0.012155162 0.635493517 0.068953745 0.013961893 0.997522175 26.224901199
0.997331679 0.030003244 -0.066553153 -77.673248291 -0.030552054 0.999506950 -0.007243575 0.597826242 0.066302985 0.009257585 0.997756600 26.996814728
0.997422993 0.033350524 -0.063521184 -77.745727539 -0.033509735 0.999437332 -0.001442354 0.570368707 0.063437335 0.003567214 0.997979462 27.778121948
0.997664392 0.030864591 -0.060935251 -77.789939880 -0.030974623 0.999519765 -0.000861618 0.580191910 0.060879398 0.002747051 0.998141348 28.584407806
0.997836947 0.028124431 -0.059416398 -77.839492798 -0.028214969 0.999601603 -0.000685175 0.560743570 0.059373453 0.002360125 0.998233020 29.335802078
0.997919142 0.025891844 -0.059051331 -77.877754211 -0.026007595 0.999660969 -0.001192293 0.547695398 0.059000440 0.002725595 0.998254299 30.079999924
0.997992456 0.025168523 -0.058117352 -77.922363281 -0.025376176 0.999673903 -0.002837652 0.532935619 0.058026981 0.004306751 0.998305738 30.824783325
0.998098552 0.023904134 -0.056813017 -77.971389771 -0.024178457 0.999699056 -0.004145934 0.524711668 0.056696810 0.005511703 0.998376250 31.585731506
0.998140752 0.022888578 -0.056490753 -78.012695312 -0.023148421 0.999724209 -0.003949535 0.508617997 0.056384783 0.005249864 0.998395264 32.343009949
0.998120487 0.026200922 -0.055398542 -78.070236206 -0.026403602 0.999647021 -0.002929722 0.494860530 0.055302225 0.004386936 0.998459995 33.123275757
0.998114705 0.025927719 -0.055630069 -78.115379333 -0.026181117 0.999649882 -0.003831009 0.477174044 0.055511262 0.005280244 0.998444140 33.914073944
0.998035014 0.026675502 -0.056695554 -78.165626526 -0.026943106 0.999629140 -0.003960760 0.471660137 0.056568868 0.005480532 0.998383641 34.664382935
0.997969747 0.024371557 -0.058842462 -78.214454651 -0.024605893 0.999691963 -0.003260961 0.456369460 0.058744859 0.004702211 0.998261929 35.437633514
0.997733712 0.026472768 -0.061859574 -78.275848389 -0.026731666 0.999637008 -0.003361233 0.442382097 0.061748140 0.005007224 0.998079181 36.217033386
0.997430384 0.030946242 -0.064613514 -78.341041565 -0.031276997 0.999502242 -0.004113509 0.435708821 0.064454064 0.006123855 0.997901857 37.014888763
0.997306466 0.030340789 -0.066776805 -78.414451599 -0.030969333 0.999485075 -0.008397510 0.408642232 0.066487648 0.010442925 0.997732520 37.810264587
0.997118533 0.031148192 -0.069168687 -78.481323242 -0.032030262 0.999418557 -0.011679924 0.390192568 0.068764664 0.013861760 0.997536540 38.601169586
0.996960163 0.029465416 -0.072126314 -78.516494751 -0.030496620 0.999447167 -0.013237720 0.374200463 0.071696386 0.015397088 0.997307658 39.453845978
0.996850967 0.029889196 -0.073448129 -78.598739624 -0.030839279 0.999454260 -0.011835326 0.354229152 0.073054299 0.014063144 0.997228801 40.283454895
0.996715069 0.028456952 -0.075823367 -78.659561157 -0.029363336 0.999509752 -0.010865803 0.330364883 0.075476989 0.013056536 0.997062087 41.096729279
0.996596694 0.028189708 -0.077461526 -78.732650757 -0.029000988 0.999535561 -0.009368244 0.316012651 0.077161469 0.011582822 0.996951342 41.925846100
0.996457994 0.027438762 -0.079489283 -78.796249390 -0.028017251 0.999588370 -0.006171173 0.309078544 0.079287231 0.008376385 0.996816635 42.783458710
0.996457100 0.026341071 -0.079870999 -78.865638733 -0.026487863 0.999648750 -0.000778687 0.278575659 0.079822429 0.002891540 0.996804893 43.613288879
0.996502340 0.026353052 -0.079301558 -78.938682556 -0.026359472 0.999652028 0.000966111 0.266880631 0.079299428 0.001127615 0.996850193 44.468158722
0.996583879 0.029559894 -0.077115148 -79.014297485 -0.029561594 0.999562263 0.001119690 0.252686739 0.077114515 0.001163782 0.997021556 45.306068420
0.996746182 0.029397992 -0.075052090 -79.088203430 -0.029478787 0.999565363 0.000031283 0.239029855 0.075020395 0.002181263 0.997179568 46.159187317
0.996906996 0.027455848 -0.073638640 -79.149551392 -0.027699115 0.999613643 -0.002284064 0.230380327 0.073547475 0.004316724 0.997282326 47.046192169
0.997160494 0.023722766 -0.071470752 -79.218147278 -0.024061011 0.999702930 -0.003875295 0.213295788 0.071357593 0.005583950 0.997435093 47.919609070
0.997283459 0.022779228 -0.070048705 -79.275726318 -0.023124248 0.999724150 -0.004118425 0.197554961 0.069935575 0.005727061 0.997535110 48.790237427
0.997383952 0.020624332 -0.069281548 -79.340667725 -0.020799829 0.999781966 -0.001812613 0.184242547 0.069229059 0.003248915 0.997595489 49.659408569
0.997557342 0.016527850 -0.067867734 -79.416854858 -0.016497744 0.999863505 0.001004027 0.164440840 0.067875057 0.000118090 0.997693956 50.506320953
0.997673690 0.016198033 -0.066217594 -79.489936829 -0.016137959 0.999868691 0.001442039 0.147112787 0.066232264 -0.000370068 0.997804224 51.364471436
0.997678995 0.017352398 -0.065844558 -79.546279907 -0.017504156 0.999845207 -0.001728577 0.126878381 0.065804377 0.002877119 0.997828424 52.242515564
0.997689247 0.019866284 -0.064974032 -79.623146057 -0.020385617 0.999765277 -0.007339709 0.104848385 0.064812966 0.008647285 0.997860014 53.089645386
0.997720063 0.021578273 -0.063945837 -79.692092896 -0.022464247 0.999660909 -0.013168620 0.087016523 0.063639998 0.014575093 0.997866511 53.950366974
0.997645378 0.026607480 -0.063211650 -79.738960266 -0.027881186 0.999423802 -0.019353794 0.073847175 0.062660269 0.021070635 0.997812569 54.811153412
0.997725427 0.026583705 -0.061944991 -79.801414490 -0.027875926 0.999409378 -0.020090625 0.044049263 0.061374329 0.021771699 0.997877300 55.663917542
0.997806609 0.023464257 -0.061897326 -79.855125427 -0.024375821 0.999604642 -0.014013190 0.017203391 0.061544050 0.015491251 0.997984171 56.515415192
0.997818172 0.023017440 -0.061879605 -79.925010681 -0.023370894 0.999714375 -0.004994175 -0.008983523 0.061746977 0.006429460 0.998071134 57.382869720
0.997744203 0.021690976 -0.063528955 -79.976928711 -0.021556575 0.999763608 0.002800319 -0.031356916 0.063574679 -0.001424538 0.997976065 58.246902466
0.997621715 0.019794334 -0.066023163 -80.032974243 -0.019801186 0.999803782 0.000550631 -0.048592892 0.066021107 0.000758016 0.997817934 59.083168030
0.997566760 0.014766306 -0.068136357 -80.089660645 -0.015065908 0.999878943 -0.003885327 -0.054866135 0.068070740 0.004902409 0.997668386 59.916011810
0.997451425 0.013122958 -0.070131496 -80.162101746 -0.013605145 0.999886870 -0.006402218 -0.063725263 0.070039541 0.007340051 0.997517169 60.751228333
0.997250736 0.015809895 -0.072395027 -80.239471436 -0.016413718 0.999835253 -0.007753314 -0.097239017 0.072260521 0.008920269 0.997345865 61.573448181
0.996985853 0.017709188 -0.075535089 -80.318733215 -0.018626399 0.999760866 -0.011455651 -0.117059767 0.075314149 0.012828069 0.997077286 62.398029327
0.996620297 0.017733902 -0.080209084 -80.384201050 -0.018963546 0.999713600 -0.014594761 -0.142195880 0.079927288 0.016066482 0.996671140 63.214080811
0.996284187 0.019691903 -0.083844602 -80.449905396 -0.021264942 0.999613464 -0.017909773 -0.169470310 0.083459519 0.019626170 0.996317983 64.005233765
0.995948851 0.024304247 -0.086575456 -80.540199280 -0.025952287 0.999501884 -0.017961297 -0.198605537 0.086095802 0.020135367 0.996083319 64.811531067
0.995566666 0.027525229 -0.089940518 -80.628807068 -0.029088506 0.999446869 -0.016116660 -0.223638177 0.089447163 0.018661447 0.995816708 65.617813110
0.995144546 0.031255443 -0.093328841 -80.725021362 -0.032332242 0.999426723 -0.010047642 -0.250499606 0.092961282 0.013016388 0.995584667 66.423385620
0.994682491 0.032313533 -0.097788207 -80.807189941 -0.032915644 0.999447763 -0.004549996 -0.272041500 0.097587146 0.007744565 0.995196998 67.224411011
0.994170010 0.030846696 -0.103316948 -80.879936218 -0.031081690 0.999516547 -0.000664981 -0.292277157 0.103246510 0.003872370 0.994648218 68.047576904
0.993490398 0.030129509 -0.109858684 -80.973175049 -0.030281909 0.999541283 0.000281284 -0.306271344 0.109816782 0.003047278 0.993947208 68.834793091
0.992774129 0.027738232 -0.116748206 -81.057556152 -0.027484018 0.999615073 0.003787048 -0.317441493 0.116808303 -0.000550974 0.993154347 69.625663757
0.992020726 0.028828872 -0.122734651 -81.164596558 -0.028602693 0.999584317 0.003604749 -0.335148335 0.122787565 -0.000065445 0.992433071 70.401069641
0.991264641 0.033754263 -0.127495125 -81.286163330 -0.033614028 0.999429524 0.003252079 -0.343032956 0.127532184 0.001061952 0.991833866 71.150474548
0.990421355 0.035510056 -0.133433729 -81.404052734 -0.035899378 0.999355257 -0.000512192 -0.354069769 0.133329496 0.005297474 0.991057694 71.921249390
0.989645123 0.034506708 -0.139326379 -81.524337769 -0.035271905 0.999373138 -0.003025880 -0.369871020 0.139134631 0.007908853 0.990241945 72.688446045
0.988814473 0.035936043 -0.144756630 -81.651786804 -0.036919620 0.999309778 -0.004113236 -0.387385845 0.144508913 0.009411587 0.989458799 73.457305908
0.988091052 0.037901703 -0.149129018 -81.779830933 -0.038195606 0.999269903 0.000893814 -0.392861247 0.149054036 0.004812904 0.988817394 74.205451965
0.987095535 0.038247682 -0.155497536 -81.880836487 -0.037886478 0.999268055 0.005286934 -0.409360975 0.155585945 0.000672546 0.987822115 74.943672180
0.986108303 0.037784390 -0.161748737 -82.011695862 -0.037049070 0.999284804 0.007560896 -0.426704466 0.161918759 -0.001463222 0.986803055 75.701515198
0.984950840 0.035503253 -0.169148922 -82.139480591 -0.035434749 0.999366105 0.003424604 -0.432547987 0.169163287 0.002620683 0.985584557 76.452644348
0.983414948 0.033117704 -0.178320944 -82.270217896 -0.034350332 0.999402523 -0.003828551 -0.440281719 0.178087622 0.009890439 0.983964920 77.201911926
0.981795311 0.030274235 -0.187514096 -82.417373657 -0.031831127 0.999479234 -0.005296540 -0.459101021 0.187256098 0.011168904 0.982247651 77.953239441
0.979887486 0.030509349 -0.197204605 -82.576744080 -0.031551942 0.999499798 -0.002146331 -0.464418441 0.197040513 0.008325349 0.980359972 78.643875122
0.977614641 0.030316422 -0.208207816 -82.748428345 -0.030253030 0.999536157 0.003489561 -0.468692690 0.208217055 0.002887472 0.978078365 79.384582520
0.974997580 0.031972952 -0.219903588 -82.921798706 -0.030158948 0.999477804 0.011602165 -0.478527427 0.220159724 -0.004680023 0.975452602 80.107719421
0.972497940 0.032087378 -0.230690584 -83.115653992 -0.029800495 0.999466121 0.013391672 -0.463394761 0.230997130 -0.006148683 0.972935021 80.836311340
0.969573200 0.035967857 -0.242144719 -83.296752930 -0.034224521 0.999349117 0.011403366 -0.499691248 0.242397293 -0.002769112 0.970173120 81.529846191
0.966336608 0.035233360 -0.254856974 -83.488952637 -0.035889361 0.999353647 0.002077163 -0.505986810 0.254765421 0.007139415 0.966976583 82.231819153
0.963173151 0.033086330 -0.266838610 -83.702453613 -0.034951456 0.999386430 -0.002242075 -0.516892254 0.266600728 0.011485906 0.963738680 82.932281494
0.959750950 0.031929385 -0.279031485 -83.916397095 -0.032630898 0.999465287 0.002131575 -0.515933335 0.278950334 0.007059268 0.960279584 83.649627686
0.956428289 0.033479165 -0.290041447 -84.145996094 -0.032020751 0.999439359 0.009773944 -0.529712677 0.290206075 -0.000060730 0.956964135 84.365982056
0.952935994 0.033116434 -0.301357895 -84.382652283 -0.029743457 0.999432981 0.015775440 -0.542921782 0.301709443 -0.006069553 0.953380585 85.057655334
0.948800027 0.031298343 -0.314322710 -84.616996765 -0.028598141 0.999503851 0.013199477 -0.522496104 0.314579904 -0.003534620 0.949224412 85.793342590
0.944794476 0.029378574 -0.326343834 -84.863319397 -0.028116619 0.999567866 0.008584353 -0.525236547 0.326454997 0.001065235 0.945212126 86.504478455
0.941710293 0.025389459 -0.335465610 -85.118774414 -0.026286911 0.999652743 0.001866021 -0.536227584 0.335396409 0.007061102 0.942050695 87.206642151
0.939020813 0.021815982 -0.343167484 -85.382255554 -0.024674900 0.999687672 -0.003966225 -0.544941068 0.342973769 0.012191992 0.939265847 87.904220581
0.936230659 0.021818580 -0.350707978 -85.651458740 -0.025452057 0.999659538 -0.005753634 -0.557145715 0.350463033 0.014312966 0.936467171 88.607131958
0.933413267 0.026847433 -0.357797325 -85.933685303 -0.030845631 0.999509215 -0.005470884 -0.573260486 0.357474893 0.016143082 0.933783233 89.305435181
0.930407584 0.026808243 -0.365545034 -86.220291138 -0.030044194 0.999543607 -0.003166058 -0.588017046 0.365293324 0.013928232 0.930788338 90.008476257
0.927280486 0.027859956 -0.373329490 -86.512741089 -0.028544940 0.999585688 0.003694469 -0.598170877 0.373277783 0.007230859 0.927691460 90.720726013
0.924465537 0.029407399 -0.380129844 -86.802841187 -0.026758343 0.999566853 0.012252376 -0.607187867 0.380325496 -0.001155254 0.924852014 91.426063538
0.921819210 0.038698975 -0.385683507 -87.123519897 -0.033927202 0.999240339 0.019173326 -0.612892389 0.386132509 -0.004589176 0.922431946 92.137626648
0.919093251 0.046395537 -0.391298831 -87.433181763 -0.043266539 0.998922050 0.016814601 -0.626376152 0.391657114 0.001475964 0.920110047 92.822769165
0.916755199 0.042987715 -0.397129506 -87.739379883 -0.042850014 0.999038994 0.009224761 -0.628718853 0.397144437 0.008560161 0.917716205 93.510971069
0.914708972 0.034606457 -0.402628630 -88.038970947 -0.037175789 0.999307752 0.001434241 -0.627010226 0.402399540 0.013656126 0.915362358 94.200630188
0.913072407 0.035349540 -0.406262636 -88.364837646 -0.038322367 0.999265075 0.000818355 -0.632873535 0.405992985 0.014821730 0.913756073 94.894836426
0.910865426 0.041251611 -0.410636663 -88.704940796 -0.042530827 0.999076903 0.006024003 -0.640438557 0.410506189 0.011977664 0.911779225 95.610626221
0.908509314 0.044716667 -0.415465087 -89.018501282 -0.044315916 0.998961151 0.010611700 -0.643739223 0.415507972 0.008770888 0.909547210 96.289009094
0.906197131 0.041048817 -0.420858413 -89.347167969 -0.041283958 0.999110818 0.008556103 -0.653294802 0.420835406 0.009621186 0.907086015 96.990921021
0.904126048 0.038887993 -0.425492525 -89.685531616 -0.041838419 0.999121487 0.002412785 -0.660411656 0.425212502 0.015620476 0.904958725 97.678100586
0.902143955 0.036283217 -0.429906785 -90.033439636 -0.042206433 0.999099851 -0.004246775 -0.665660858 0.429365754 0.021976035 0.902863324 98.362693787
0.899662137 0.037119038 -0.435005873 -90.374084473 -0.043872800 0.999022067 -0.005489496 -0.678990185 0.434376776 0.024023619 0.900410891 99.065994263
0.897591054 0.040620174 -0.438953698 -90.710807800 -0.045606051 0.998959184 -0.000814859 -0.701579690 0.438463718 0.020750351 0.898509324 99.742729187
0.895807028 0.041880973 -0.442465633 -91.069351196 -0.046126559 0.998934984 0.001165909 -0.712028503 0.442043245 0.019364987 0.896784663 100.429046631
0.893275976 0.043185666 -0.447429359 -91.418502808 -0.047149099 0.998885274 0.002280506 -0.728525281 0.447029024 0.019058773 0.894316375 101.117774963
0.890909135 0.041618787 -0.452270776 -91.757408142 -0.045822900 0.998948216 0.001660474 -0.745265305 0.451864213 0.019245028 0.891879082 101.791946411
0.888671041 0.039476790 -0.456842750 -92.100456238 -0.043752477 0.999041796 0.001220104 -0.759548426 0.456453055 0.018903734 0.889546633 102.462615967
0.886499703 0.038911384 -0.461090118 -92.456298828 -0.042898457 0.999077857 0.001834848 -0.771747589 0.460736334 0.018153461 0.887351394 103.137809753
0.884734809 0.039270349 -0.464437485 -92.833862305 -0.043426495 0.999054968 0.001749026 -0.767704248 0.464067280 0.018621463 0.885604143 103.795913696
0.882404029 0.039744586 -0.468810678 -93.194274902 -0.043903627 0.999033570 0.002059333 -0.782792211 0.468439490 0.018765323 0.883296311 104.461807251
0.879873097 0.037176564 -0.473752350 -93.548858643 -0.043171916 0.999066114 -0.001781442 -0.800074816 0.473243684 0.022020239 0.880656362 105.126380920
0.877780199 0.034412324 -0.477826118 -93.917236328 -0.042460695 0.999079883 -0.006049264 -0.819491267 0.477178305 0.025598759 0.878433585 105.780593872
0.875872910 0.033415329 -0.481383622 -94.280395508 -0.042853899 0.999044120 -0.008623435 -0.838802099 0.480635315 0.028182199 0.876467645 106.421005249
0.873800993 0.034780536 -0.485038400 -94.609207153 -0.042241327 0.999097526 -0.004456077 -0.852622032 0.484445602 0.024382386 0.874481678 107.034530640
0.872208357 0.039080579 -0.487570614 -94.978340149 -0.042203486 0.999098539 0.004584169 -0.866400957 0.487310231 0.016578827 0.873071551 107.668579102
0.870618582 0.040768854 -0.490266502 -95.334609985 -0.038966741 0.999144018 0.013887923 -0.876254320 0.490412951 0.007012999 0.871462047 108.302383423
0.868854403 0.040070768 -0.493443549 -95.680320740 -0.035597231 0.999195635 0.018461544 -0.882895708 0.493786395 0.001524830 0.869581938 108.922019958
0.867222488 0.036896411 -0.496551961 -96.013465881 -0.032063931 0.999319077 0.018255332 -0.891378641 0.496887356 0.000089979 0.867815018 109.511894226
0.865350127 0.035256140 -0.499926090 -96.351333618 -0.032055072 0.999373615 0.014992619 -0.898860931 0.500141561 0.003051300 0.865938306 110.092704773
0.863649189 0.033429720 -0.502983630 -96.682907104 -0.031524610 0.999427319 0.012295385 -0.905121803 0.503106654 0.005237467 0.864208460 110.657600403
0.862450778 0.030105459 -0.505244792 -97.001068115 -0.028852707 0.999530494 0.010306471 -0.896906018 0.505317867 0.005688853 0.862914503 111.201210022
0.861254275 0.028461350 -0.507376552 -97.322433472 -0.027257999 0.999580443 0.009802061 -0.898611188 0.507442653 0.005388003 0.861668646 111.737785339
0.859988809 0.028703960 -0.509505033 -97.641326904 -0.026662467 0.999580503 0.011309991 -0.914070964 0.509615958 0.003858197 0.860393286 112.258010864
0.858776093 0.029060749 -0.511526167 -97.941688538 -0.026011137 0.999575675 0.013118926 -0.929451585 0.511690378 0.002039158 0.859167457 112.753585815
0.857327819 0.027903846 -0.514014006 -98.229965210 -0.024319608 0.999610305 0.013702150 -0.935619354 0.514195979 0.000753382 0.857672334 113.233688354
0.856117725 0.026888141 -0.516080856 -98.509048462 -0.022284359 0.999637425 0.015114598 -0.956659317 0.516300082 -0.001439347 0.856406510 113.699310303
0.854889214 0.024337081 -0.518239439 -98.786468506 -0.020990277 0.999703765 0.012321555 -0.933444619 0.518385768 0.000344424 0.855146825 114.154090881
0.853759766 0.024458205 -0.520092428 -99.050491333 -0.023269882 0.999690354 0.008813335 -0.940230250 0.520147026 0.004578019 0.854064524 114.561004639
0.852183640 0.021938421 -0.522782683 -99.301033020 -0.022901904 0.999727130 0.004621047 -0.944866896 0.522741258 0.008034736 0.852453470 114.962982178
0.849844158 0.018290134 -0.526716650 -99.534362793 -0.019990569 0.999797106 0.002463483 -0.950704336 0.526654780 0.008435786 0.850037396 115.343124390
0.847003162 0.014123647 -0.531400263 -99.754684448 -0.014993113 0.999884069 0.002677443 -0.952706575 0.531376481 0.005699538 0.847116649 115.712989807
0.843440652 0.015099125 -0.537010312 -99.978065491 -0.015265634 0.999874949 0.004136943 -0.956568480 0.537005484 0.004708536 0.843565583 116.066413879
0.839731812 0.018981412 -0.542669535 -100.201141357 -0.018604500 0.999807894 0.006182348 -0.963661373 0.542682528 0.004904581 0.839923620 116.393035889
0.836141527 0.024936082 -0.547946572 -100.422698975 -0.022901896 0.999682069 0.010546511 -0.965879560 0.548035324 0.003730639 0.836446822 116.706260681
0.831675172 0.030128721 -0.554444492 -100.613388062 -0.024454644 0.999545455 0.017633330 -0.970693111 0.554723620 -0.001106464 0.832033873 117.009613037
0.827055752 0.032126028 -0.561201155 -100.811599731 -0.023783719 0.999471426 0.022164222 -0.981582403 0.561616480 -0.004983600 0.827382624 117.287040710
0.821511745 0.029110897 -0.569448054 -100.990943909 -0.019735809 0.999549210 0.022626424 -0.971702337 0.569849968 -0.007349357 0.821715891 117.560844421
0.815261602 0.027474739 -0.578440666 -101.169097900 -0.016789164 0.999575377 0.023814909 -0.972635984 0.578849435 -0.009703844 0.815376639 117.785354614
0.806577146 0.026075425 -0.590553403 -101.336677551 -0.013847294 0.999585927 0.025223326 -0.974873066 0.590966582 -0.012166987 0.806604266 118.014625549
0.796416342 0.026785225 -0.604155064 -101.504653931 -0.013349099 0.999553919 0.026718028 -0.982201576 0.604601204 -0.013213748 0.796418667 118.218315125
0.784141123 0.028364500 -0.619933963 -101.671066284 -0.015046778 0.999530137 0.026700232 -0.984344482 0.620400071 -0.011608740 0.784199536 118.408721924
0.770564497 0.027087383 -0.636786103 -101.837783813 -0.015166329 0.999592841 0.024167802 -0.984777689 0.637181580 -0.008965139 0.770661652 118.578758240
0.755841434 0.024769321 -0.654285908 -101.997787476 -0.015964892 0.999684215 0.019402180 -0.987482309 0.654559970 -0.004219366 0.755998313 118.736999512
0.741137445 0.021169193 -0.671019316 -102.158050537 -0.015506332 0.999775887 0.014414070 -0.989327908 0.671174049 -0.000277760 0.741299689 118.887802124
0.726269901 0.021648278 -0.687068701 -102.317871094 -0.019404678 0.999751449 0.010988509 -0.990915656 0.687135696 0.005351724 0.726509392 119.013298035
0.712463498 0.025883438 -0.701231658 -102.471267700 -0.025174469 0.999619007 0.011319639 -1.013338327 0.701257467 0.009588300 0.712843657 119.092292786
0.695062518 0.027713930 -0.718415082 -102.635261536 -0.027643397 0.999548078 0.011814224 -1.009460211 0.718417645 0.011647808 0.695514619 119.225685120
0.676224351 0.026240466 -0.736228228 -102.796592712 -0.024327155 0.999615848 0.013283608 -1.005484343 0.736293912 0.008927640 0.676602900 119.363685608
0.656312585 0.025354093 -0.754062951 -102.965148926 -0.021250965 0.999659956 0.015115705 -1.001963615 0.754189730 0.006103935 0.656628191 119.492317200
0.634222507 0.027021598 -0.772678256 -103.143737793 -0.020935608 0.999622762 0.017773993 -0.997990370 0.772867203 0.004903823 0.634548903 119.613311768
0.610057771 0.031771414 -0.791719854 -103.321304321 -0.024153529 0.999477148 0.021497201 -0.996878862 0.791988730 0.006008292 0.610506117 119.720199585
0.585330963 0.035977129 -0.809995890 -103.505180359 -0.026049849 0.999333799 0.025562325 -0.993634701 0.810375869 0.006137850 0.585878193 119.827056885
0.559800863 0.038935628 -0.827711940 -103.688163757 -0.027365545 0.999219358 0.028495394 -0.991373539 0.828175247 0.006699040 0.560429275 119.926460266
0.533970833 0.041772347 -0.844470382 -103.882339478 -0.030096896 0.999084890 0.030389769 -0.984507561 0.844967127 0.009188686 0.534739494 120.020294189
0.507657826 0.045943946 -0.860332847 -104.081069946 -0.034189098 0.998864889 0.033167899 -0.977224827 0.860880136 0.012576057 0.508652270 120.097236633
0.480514646 0.049521931 -0.875587463 -104.267684937 -0.035804275 0.998679876 0.036834784 -0.984542370 0.876255572 0.013650121 0.481653273 120.162139893
0.452373683 0.049444702 -0.890456796 -104.453620911 -0.034299836 0.998687804 0.038029335 -0.988764286 0.891168714 0.013339058 0.453475952 120.213104248
0.420389414 0.045867510 -0.906183720 -104.657394409 -0.033957720 0.998817086 0.034802869 -0.975470543 0.906708181 0.016141174 0.421449602 120.279357910
0.385814905 0.044459384 -0.921504319 -104.809410095 -0.032348473 0.998876035 0.034648646 -1.009499550 0.922008872 0.016441295 0.386819422 120.324295044
0.346304804 0.042060860 -0.937178671 -105.057991028 -0.031103343 0.998959959 0.033340365 -0.999001026 0.937606275 0.017603455 0.347252965 120.395202637
0.305081338 0.040993132 -0.951443613 -105.328025818 -0.029505620 0.999000371 0.033581115 -0.988406181 0.951869130 0.017827960 0.305985898 120.447708130
0.261510551 0.039358985 -0.964397788 -105.613090515 -0.027873965 0.999059439 0.033215165 -0.979565144 0.964798093 0.018195476 0.262361646 120.493118286
0.214829758 0.036944088 -0.975952506 -105.909744263 -0.025707757 0.999151945 0.032163411 -0.970573425 0.976313055 0.018179890 0.215597346 120.520172119
0.166881055 0.035634656 -0.985332847 -106.209480286 -0.024119493 0.999195278 0.032050982 -0.966889381 0.985681951 0.018417031 0.167606235 120.525993347
0.117189854 0.035571232 -0.992472351 -106.531387329 -0.022276437 0.999201119 0.033182025 -0.957344294 0.992859721 0.018220149 0.117888659 120.523979187
0.065261424 0.037463397 -0.997164667 -106.862472534 -0.019938616 0.999144435 0.036232851 -0.950446129 0.997668982 0.017517474 0.065952539 120.510322571
0.011061460 0.039696544 -0.999150574 -107.207839966 -0.015657097 0.999096096 0.039521035 -0.935961723 0.999816298 0.015206636 0.011672944 120.494369507
-0.043172002 0.042442355 -0.998165667 -107.580482483 -0.010661082 0.999020696 0.042939819 -0.932059288 0.999010801 0.012495324 -0.042677194 120.454826355
-0.097002536 0.043769889 -0.994321227 -107.967346191 -0.005110754 0.998997509 0.044474322 -0.914120674 0.995271087 0.009395852 -0.096681535 120.387344360
-0.149823338 0.045114480 -0.987682998 -108.350784302 -0.001018766 0.998950899 0.045783702 -0.897693157 0.988712251 0.007865686 -0.149620175 120.294464111
-0.201437801 0.046937805 -0.978375971 -108.755065918 0.002434464 0.998872101 0.047419876 -0.885690451 0.979498386 0.007170334 -0.201324940 120.181449890
-0.248801693 0.048110429 -0.967358828 -109.165985107 0.005208184 0.998817563 0.048335463 -0.863860607 0.968540370 0.006987763 -0.248758063 120.016189575
-0.298176676 0.049744785 -0.953213573 -109.596458435 0.011597699 0.998756111 0.048493579 -0.846369982 0.954440296 0.003404571 -0.298382670 119.871551514
-0.344721526 0.050741244 -0.937332630 -110.033767700 0.017116366 0.998711705 0.047769055 -0.823226213 0.938548982 0.000423294 -0.345145941 119.677566528
-0.388628781 0.052364327 -0.919905245 -110.482711792 0.022038996 0.998626351 0.047534700 -0.801203966 0.921130776 -0.001800437 -0.389249057 119.458114624
-0.430261821 0.053697336 -0.901105642 -110.949668884 0.025735963 0.998553097 0.047215831 -0.778493643 0.902337253 -0.002875659 -0.431021214 119.206977844
-0.468624324 0.053625654 -0.881768346 -111.381996155 0.028154654 0.998555303 0.045765109 -0.743523240 0.882948756 -0.003379240 -0.469457179 118.933967590
-0.503141761 0.053908587 -0.862520874 -111.846542358 0.030046061 0.998540223 0.044882935 -0.720475674 0.863681436 -0.003332876 -0.504027069 118.641860962
-0.532250404 0.053130142 -0.844918132 -112.326866150 0.030397039 0.998584509 0.043644596 -0.694010377 0.846041024 -0.002453159 -0.533112049 118.325836182
-0.555095911 0.051513128 -0.830189764 -112.800277710 0.029583542 0.998671651 0.042186745 -0.668752432 0.831260145 -0.001142261 -0.555882573 117.986968994
-0.572584748 0.049688879 -0.818338394 -113.254806519 0.028584639 0.998764753 0.040643785 -0.650142431 0.819347084 -0.000119896 -0.573297799 117.639450073
-0.585755885 0.050053079 -0.808940470 -113.736534119 0.026783513 0.998741508 0.042402972 -0.645270109 0.810044825 0.003171518 -0.586359322 117.253074646
-0.597464919 0.050950840 -0.800274670 -114.248802185 0.028081894 0.998696744 0.042618476 -0.622011781 0.801403165 0.002989815 -0.598117054 116.867996216
-0.607911408 0.051956687 -0.792303085 -114.780471802 0.029331464 0.998645127 0.042982753 -0.597211957 0.793462873 0.002890299 -0.608611882 116.470100403
-0.616096735 0.053145610 -0.785875499 -115.301376343 0.030626137 0.998583019 0.043520428 -0.575979054 0.787074864 0.002744461 -0.616851389 116.061882019
-0.622663975 0.052494429 -0.780726552 -115.840110779 0.029999714 0.998615086 0.043218702 -0.543356478 0.781914055 0.003489156 -0.623376429 115.629035950
-0.629024327 0.051610939 -0.775670409 -116.401687622 0.029285954 0.998658717 0.042698711 -0.507976294 0.776833773 0.004142283 -0.629692078 115.184593201
-0.630305588 0.054571025 -0.774426758 -116.895729065 0.031053528 0.998500347 0.045086220 -0.510277927 0.775725782 0.004369415 -0.631054997 114.708572388
-0.634145200 0.055441327 -0.771223664 -117.478752136 0.032057919 0.998453617 0.045416426 -0.483722627 0.772549033 0.004076784 -0.634941995 114.239753723
-0.636748970 0.056331139 -0.769010663 -118.063453674 0.033070549 0.998405337 0.045751851 -0.455861807 0.770361602 0.003700838 -0.637596548 113.760185242
-0.637052238 0.056284226 -0.768762827 -118.643569946 0.033165049 0.998408496 0.045614544 -0.426462829 0.770106733 0.003562788 -0.637905121 113.265220642
-0.637606263 0.055788308 -0.768339694 -119.234664917 0.033341628 0.998438239 0.044826984 -0.397288859 0.769640446 0.002964271 -0.638470590 112.763816833
-0.638188303 0.055171363 -0.767900884 -119.846511841 0.033751674 0.998474956 0.043687016 -0.367985427 0.769140124 0.001962614 -0.639077187 112.246742249
-0.639247060 0.055544745 -0.766992807 -120.488746643 0.035014447 0.998455942 0.043124400 -0.334947705 0.768203855 0.000711321 -0.640204906 111.721687317
-0.639838755 0.056181911 -0.766452789 -121.131896973 0.035091411 0.998419881 0.043890882 -0.304252207 0.767707646 0.001187178 -0.640799284 111.179809570
-0.640604615 0.057423681 -0.765720606 -121.776397705 0.033973407 0.998342872 0.046446439 -0.278175712 0.767118990 0.003739656 -0.641493917 110.634887695
-0.640871823 0.058714692 -0.765399098 -122.432144165 0.033479147 0.998259783 0.048545472 -0.250360489 0.766917586 0.005486512 -0.641722262 110.066215515
-0.641850293 0.058791026 -0.764573038 -123.099327087 0.034572002 0.998261392 0.047737461 -0.213943243 0.766050339 0.004207478 -0.642766833 109.505439758
-0.642655730 0.057491057 -0.763995051 -123.764778137 0.034751721 0.998341680 0.045893390 -0.186229229 0.765366673 0.002943504 -0.643587887 108.942855835
-0.643062770 0.057669785 -0.763638914 -124.444747925 0.036325578 0.998335063 0.044804089 -0.160935044 0.764951408 0.001072219 -0.644087076 108.361122131
-0.643099427 0.058438718 -0.763549507 -125.123184204 0.037396941 0.998291075 0.044907220 -0.117848396 0.764868855 0.000325391 -0.644185781 107.763778687
-0.643537819 0.059572428 -0.763092458 -125.832542419 0.039931122 0.998221993 0.044253249 -0.087610126 0.764371991 -0.001992508 -0.644772410 107.162330627
-0.645111084 0.058152936 -0.761872649 -126.540657043 0.040487312 0.998300433 0.041916832 -0.064010143 0.763015211 -0.003805167 -0.646369219 106.566085815
-0.645690382 0.054580074 -0.761646211 -127.260139465 0.040249716 0.998488367 0.037430391 -0.038538456 0.762537658 -0.006487598 -0.646911263 105.933326721
-0.647278249 0.051651388 -0.760501623 -128.008941650 0.039123286 0.998637676 0.034526374 -0.021973491 0.761249006 -0.007405156 -0.648417234 105.312149048
-0.647198856 0.047467887 -0.760841906 -128.758270264 0.034898225 0.998857915 0.032631733 0.020179749 0.761521995 -0.005432812 -0.648116291 104.659690857
-0.647225380 0.048103727 -0.760779440 -129.500213623 0.033895642 0.998835921 0.034319557 0.039898753 0.761544764 -0.003574617 -0.648102403 104.019889832
-0.647376776 0.050387517 -0.760502756 -130.248306274 0.033562925 0.998729050 0.037600946 0.054833651 0.761430860 -0.001182718 -0.648245096 103.376174927
-0.647369802 0.051559348 -0.760430038 -131.027099609 0.033254791 0.998669863 0.039402205 0.088581681 0.761450112 0.000219853 -0.648223400 102.721420288
-0.647439897 0.053810619 -0.760214448 -131.761734009 0.034333047 0.998551011 0.041441005 0.111241937 0.761342824 0.000730077 -0.648349166 102.084640503
-0.647982359 0.055403989 -0.759637535 -132.526000977 0.035632111 0.998463869 0.042428002 0.135995626 0.760821223 0.000425112 -0.648961246 101.430465698
-0.648142457 0.055211533 -0.759514987 -133.276840210 0.035569519 0.998474658 0.042228527 0.164403081 0.760687888 0.000354522 -0.649117708 100.787742615
-0.648150027 0.054084849 -0.759589672 -134.022811890 0.033447791 0.998533964 0.042557675 0.187052369 0.760777771 0.002177161 -0.649008811 100.135696411
-0.647576749 0.055813536 -0.759953439 -134.756546021 0.033772349 0.998436153 0.044550180 0.197425246 0.761251450 0.003184239 -0.648448765 99.490661621
-0.648004472 0.056441952 -0.759542406 -135.517227173 0.033266105 0.998396218 0.045810271 0.227642059 0.760909796 0.004418239 -0.648842692 98.838745117
-0.648441792 0.056731563 -0.759147346 -136.287094116 0.032455824 0.998372853 0.046886206 0.250185966 0.760571957 0.005764233 -0.649228036 98.144462585
-0.648783505 0.056731842 -0.758855283 -137.035385132 0.032878637 0.998375833 0.046528727 0.278686047 0.760262370 0.005236956 -0.649595141 97.496482849
-0.649548233 0.056639563 -0.758207798 -137.795288086 0.033937864 0.998387456 0.045507230 0.308991551 0.759562492 0.003827185 -0.650422990 96.841453552
-0.651347756 0.056769866 -0.756652772 -138.565322876 0.034934815 0.998383462 0.044833485 0.335998178 0.757974744 0.002768672 -0.652278125 96.195724487
-0.651425838 0.056980573 -0.756569743 -139.281814575 0.034730632 0.998370051 0.045287661 0.354384303 0.757916987 0.003225410 -0.652342916 95.569755554
-0.652741492 0.056879938 -0.755442560 -140.009445190 0.035373695 0.998378158 0.044606719 0.391794205 0.756754458 0.002393871 -0.653694928 94.948425293
-0.653414309 0.055809848 -0.754940450 -140.758346558 0.035055436 0.998439610 0.043469705 0.424426556 0.756188452 0.001938962 -0.654351175 94.295967102
-0.654380977 0.054611139 -0.754190385 -141.496185303 0.034161236 0.998505414 0.042661723 0.443723679 0.755393028 0.002152943 -0.655268490 93.661468506
-0.655267179 0.054362793 -0.753438532 -142.236083984 0.033571612 0.998517394 0.042848635 0.465290308 0.754650891 0.002783161 -0.656120598 93.038757324
-0.655034840 0.052710410 -0.753758013 -142.943710327 0.030453211 0.998595059 0.043367285 0.486672640 0.754984677 0.005452736 -0.655719757 92.402458191
-0.653964698 0.051608633 -0.754762650 -143.668853760 0.029476136 0.998651147 0.042745445 0.517263651 0.755950511 0.005706528 -0.654603839 91.753631592
-0.652329385 0.050265685 -0.756266952 -144.386169434 0.028735347 0.998721302 0.041594435 0.549493074 0.757390678 0.005401675 -0.652939618 91.109420776
-0.651165068 0.048183698 -0.757404983 -145.132568359 0.027505094 0.998825312 0.039895084 0.575762987 0.758437514 0.005145788 -0.651725411 90.459930420
-0.650949299 0.049112663 -0.757530808 -145.888977051 0.028837381 0.998784542 0.039973672 0.599388361 0.758573294 0.004175629 -0.651574254 89.830810547
-0.649566889 0.051148400 -0.758582056 -146.626068115 0.029749408 0.998680413 0.041863210 0.618673563 0.759722233 0.004625595 -0.650231421 89.189819336
-0.648229122 0.057881162 -0.759242237 -147.356262207 0.033379525 0.998308241 0.047607549 0.638189077 0.760713339 0.005517458 -0.649064541 88.572883606
-0.646858931 0.065174177 -0.759819627 -148.094650269 0.036956884 0.997849822 0.054128833 0.683740616 0.761713684 0.006933144 -0.647876680 87.928710938
-0.646440506 0.067142680 -0.760004401 -148.841094971 0.037709430 0.997714579 0.056068525 0.713885307 0.762031972 0.007585628 -0.647495031 87.297073364
-0.645946085 0.063290648 -0.760754943 -149.573287964 0.037420519 0.997984350 0.051253632 0.753661871 0.762465417 0.004639235 -0.647012413 86.659660339
-0.646554470 0.059507757 -0.760543346 -150.319183350 0.037090555 0.998226106 0.046573441 0.785553217 0.761965632 0.001903282 -0.647614598 86.028121948
-0.646110952 0.058857232 -0.760970712 -151.011352539 0.035970561 0.998262644 0.046669323 0.805657387 0.762395382 0.002781020 -0.647105515 85.421051025
-0.646450639 0.061141592 -0.760502160 -151.767440796 0.035764124 0.998116493 0.049844295 0.837706804 0.762117088 0.005023181 -0.647419631 84.782592773
-0.646348476 0.062343273 -0.760491192 -152.492416382 0.036082134 0.998038828 0.051150337 0.861694813 0.762188733 0.005620798 -0.647330582 84.148635864
-0.646908522 0.062114939 -0.760033607 -153.195251465 0.037063833 0.998060226 0.050020877 0.881541491 0.761666358 0.004189165 -0.647955894 83.549858093
-0.647668839 0.061331213 -0.759449482 -153.908752441 0.037899785 0.998114347 0.048283733 0.917778492 0.760978758 0.002488899 -0.648772001 82.948532104
-0.648409545 0.061957970 -0.758766234 -154.637298584 0.037352495 0.998071492 0.049578868 0.945842028 0.760374784 0.003805600 -0.649473369 82.325180054
-0.649108469 0.065238900 -0.757893205 -155.364776611 0.037808750 0.997851074 0.053512465 0.976723433 0.759755671 0.006080398 -0.650180221 81.705535889
-0.649147868 0.067695521 -0.757643938 -156.044006348 0.038575329 0.997680068 0.056091510 1.013332367 0.759683490 0.007185319 -0.650253296 81.113174438
-0.649563432 0.068987042 -0.757171094 -156.749069214 0.040007148 0.997596741 0.056571174 1.046818495 0.759254098 0.006454302 -0.650762260 80.501831055
-0.649792373 0.068405516 -0.757027447 -157.452667236 0.040164273 0.997640908 0.055672623 1.076213598 0.759049892 0.005770188 -0.651006937 79.874954224
-0.650269449 0.067326091 -0.756714463 -158.179946899 0.040565420 0.997721493 0.053909674 1.110949039 0.758619845 0.004359378 -0.651518941 79.253005981
-0.650078773 0.065228902 -0.757061839 -158.888076782 0.038211923 0.997854412 0.053163677 1.138743877 0.758905411 0.005631789 -0.651176512 78.629966736
-0.649602950 0.063165933 -0.757644951 -159.601043701 0.035845507 0.997978926 0.052469075 1.170890331 0.759428084 0.006925897 -0.650554359 78.013473511
-0.649193585 0.061860140 -0.758103549 -160.299591064 0.034017161 0.998051405 0.052309319 1.198061705 0.759862244 0.008170348 -0.650032818 77.402976990
-0.648796618 0.060145948 -0.758581340 -160.955444336 0.032150526 0.998147964 0.051642988 1.230252028 0.760282397 0.009117011 -0.649528801 76.802124023
-0.648380756 0.060198240 -0.758932590 -161.672882080 0.030987451 0.998129666 0.052697662 1.255982637 0.760685384 0.010650762 -0.649033368 76.192497253
-0.647666037 0.060918950 -0.759485185 -162.378173828 0.031768847 0.998090923 0.052966204 1.282011032 0.761261761 0.010176444 -0.648364902 75.579193115
-0.647352815 0.059231594 -0.759885490 -163.043640137 0.030841691 0.998194933 0.051533055 1.314044476 0.761566281 0.009923910 -0.648011088 75.004852295
-0.646794975 0.057908628 -0.760462224 -163.732864380 0.030256113 0.998276472 0.050284315 1.340755701 0.762063444 0.009515009 -0.647432387 74.408218384
-0.646749318 0.059010331 -0.760416210 -164.423507690 0.032212973 0.998226225 0.050067235 1.381390095 0.762021959 0.007885680 -0.647503197 73.815353394
-0.646191120 0.062951095 -0.760574877 -165.136199951 0.035877686 0.997996151 0.052119937 1.406386852 0.762331843 0.006391779 -0.647154868 73.225250244
-0.645619214 0.063816600 -0.760988355 -165.819824219 0.036696725 0.997943461 0.052554362 1.429595947 0.762777328 0.006004324 -0.646633387 72.635864258
-0.645441473 0.061991718 -0.761289835 -166.478225708 0.036727455 0.998066962 0.050133944 1.455094814 0.762926042 0.004398294 -0.646470726 72.073822021
-0.644846857 0.058696624 -0.762054622 -167.157394409 0.037071772 0.998275280 0.045521364 1.492209911 0.763412237 0.001103587 -0.645910680 71.494522095
-0.644357264 0.057642363 -0.762549102 -167.849899292 0.037459768 0.998337269 0.043812320 1.514823914 0.763806522 -0.000334139 -0.645445168 70.914962769
-0.643995166 0.056679022 -0.762927055 -168.521560669 0.034326404 0.998388171 0.045196492 1.531405687 0.764259040 0.002917781 -0.644902825 70.338928223
-0.643636763 0.057498574 -0.763168097 -169.193237305 0.033999786 0.998337507 0.046542134 1.550116062 0.764575541 0.004008676 -0.644521713 69.763946533
-0.643176734 0.056774031 -0.763610125 -169.820709229 0.033660039 0.998379827 0.045877714 1.576248169 0.764977574 0.003804326 -0.644045651 69.210136414
-0.643300176 0.056509320 -0.763525784 -170.490356445 0.033979926 0.998396993 0.045262970 1.596873760 0.764859736 0.003173125 -0.644189060 68.653213501
-0.643334508 0.056655012 -0.763486028 -171.154632568 0.034162331 0.998389184 0.045300025 1.616789818 0.764822602 0.003060603 -0.644233525 68.095596313
-0.643562436 0.056079127 -0.763336360 -171.793395996 0.033970311 0.998422325 0.044709828 1.642739296 0.764639318 0.002842795 -0.644452095 67.559204102
-0.643433988 0.055839624 -0.763462245 -172.368728638 0.032917645 0.998431742 0.045282803 1.653852940 0.764793336 0.004005121 -0.644263029 67.064331055
-0.643788993 0.055200744 -0.763209462 -172.987060547 0.032357186 0.998466432 0.044921976 1.678102016 0.764518678 0.004224963 -0.644587755 66.536010742
-0.644286513 0.056353915 -0.762705207 -173.612747192 0.033044431 0.998401403 0.045854878 1.700405121 0.764070153 0.004340514 -0.645118654 66.018516541
-0.644147992 0.057728644 -0.762719333 -174.217361450 0.033072062 0.998317361 0.047629841 1.720524788 0.764185607 0.005455964 -0.644973278 65.500854492
-0.644489467 0.059378810 -0.762304127 -174.814376831 0.033069827 0.998211741 0.049795706 1.741302490 0.763897836 0.006883534 -0.645300627 64.992904663
-0.643860817 0.061794315 -0.762643397 -175.360137939 0.034558330 0.998064876 0.051693872 1.762485504 0.764361799 0.006927980 -0.644750237 64.507232666
-0.644371867 0.064290985 -0.762004972 -175.945953369 0.036757249 0.997911930 0.053111728 1.782341003 0.763828278 0.006214501 -0.645389557 64.024215698
-0.644475460 0.066544399 -0.761723936 -176.515014648 0.039282769 0.997771800 0.053929441 1.804520130 0.763615251 0.004833573 -0.645653486 63.544494629
-0.645008624 0.067559667 -0.761183023 -177.039794922 0.040889792 0.997708678 0.053903714 1.825569630 0.763080537 0.003643745 -0.646293163 63.100727081
-0.646355152 0.066640928 -0.760121047 -177.563781738 0.039425269 0.997764945 0.053950965 1.853286266 0.762017488 0.004903506 -0.647537827 62.646816254
-0.647746265 0.067497499 -0.758860290 -178.109710693 0.041493483 0.997714818 0.053324703 1.880404949 0.760725439 0.003053122 -0.649066687 62.202983856
-0.649473906 0.067871593 -0.757348597 -178.617401123 0.043545015 0.997693598 0.052068111 1.895509720 0.759135962 0.000838126 -0.650931478 61.755840302
-0.652867138 0.069051683 -0.754318416 -179.131408691 0.047073312 0.997609973 0.050580800 1.915001869 0.756008327 -0.002485723 -0.654557228 61.312530518
-0.658126354 0.070725098 -0.749578238 -179.601898193 0.050147183 0.997485101 0.050086889 1.934614182 0.751235604 -0.004625732 -0.660017848 60.896991730
-0.665803015 0.071843095 -0.742660701 -180.105468750 0.052277580 0.997399151 0.049618453 1.954206944 0.744293928 -0.005788391 -0.667827129 60.446559906
-0.674523175 0.074063763 -0.734529138 -180.574768066 0.055307433 0.997228563 0.049762957 1.971331120 0.736178994 -0.007058658 -0.676750004 60.010799408
-0.684584856 0.075687289 -0.724992990 -181.026580811 0.057799324 0.997099459 0.049516633 1.988039970 0.726638019 -0.008005777 -0.686973929 59.574394226
-0.696583450 0.077816412 -0.713243425 -181.461914062 0.060868282 0.996926665 0.049320355 2.004611969 0.714889228 -0.009058160 -0.699179053 59.139900208
-0.710171640 0.080517553 -0.699409127 -181.872161865 0.065419272 0.996687472 0.048314977 2.022874832 0.700982630 -0.011442913 -0.713086605 58.702190399
-0.725719571 0.083368383 -0.682920754 -182.269882202 0.069818951 0.996430755 0.047445968 2.036475420 0.684438765 -0.013248350 -0.728950143 58.253173828
-0.743383944 0.084412657 -0.663516998 -182.645462036 0.071337156 0.996352255 0.046832025 2.052846909 0.665049911 -0.012519238 -0.746694028 57.799175262
-0.762112081 0.083775796 -0.642002106 -182.970184326 0.069951117 0.996443033 0.046989284 2.062631607 0.643655241 -0.009097666 -0.765261471 57.356330872
-0.781928301 0.083027601 -0.617814183 -183.299575806 0.069153205 0.996526420 0.046399619 2.103133678 0.619520724 -0.006442646 -0.784953952 56.898189545
-0.803474784 0.081160679 -0.589780450 -183.615936279 0.066963501 0.996697783 0.045930926 2.115677357 0.591560662 -0.002589426 -0.806256413 56.443054199
-0.825102985 0.079485297 -0.559363067 -183.882049561 0.065467902 0.996835947 0.045079913 2.129354715 0.561176419 0.000575249 -0.827696025 55.983306885
-0.847060204 0.080887638 -0.525305748 -184.113128662 0.067137152 0.996718645 0.045217477 2.137421370 0.527239680 0.003034391 -0.849711120 55.546459198
-0.870618165 0.077161029 -0.485870540 -184.333663940 0.063984841 0.996994436 0.043679882 2.149992704 0.487780690 0.006940154 -0.872938573 55.098636627
-0.893186450 0.069887757 -0.444222510 -184.513671875 0.057399396 0.997487605 0.041519269 2.138838768 0.446008205 0.011586352 -0.894953907 54.668731689
-0.913508296 0.058326453 -0.402617157 -184.657546997 0.047158986 0.998179376 0.037604280 2.145152330 0.404077411 0.015364805 -0.914595723 54.225841522
-0.932040334 0.049687665 -0.358931780 -184.801300049 0.040216755 0.998618841 0.033809736 2.150059223 0.360115945 0.017076971 -0.932751238 53.764148712
-0.948696792 0.042186566 -0.313360244 -184.922256470 0.034941457 0.998977065 0.028703567 2.152164936 0.314250618 0.016281724 -0.949200392 53.291618347
-0.963364184 0.040003095 -0.265196741 -185.026062012 0.034453966 0.999079704 0.025545476 2.159097195 0.265974641 0.015472520 -0.963855803 52.825897217
-0.975404739 0.039175089 -0.216912121 -185.095046997 0.034581944 0.999090850 0.024932055 2.158551931 0.217691660 0.016817600 -0.975872636 52.351062775
-0.985070586 0.039042939 -0.167665392 -185.141235352 0.035336725 0.999061823 0.025032863 2.169890404 0.168485522 0.018734399 -0.985526085 51.871688843
-0.992855906 0.031914700 -0.114972018 -185.158538818 0.028771253 0.999168217 0.028897768 2.152050018 0.115798637 0.025383430 -0.992948294 51.454933167
-0.997756720 0.022082811 -0.063197687 -185.157470703 0.020009447 0.999246657 0.033254538 2.154967308 0.063884422 0.031915385 -0.997446835 50.975715637
-0.999748290 0.018965075 -0.011981927 -185.126663208 0.018523328 0.999181509 0.035961024 2.161132812 0.012654133 0.035730030 -0.999281347 50.503494263
-0.998947799 0.021506963 0.040504396 -185.094924927 0.022892680 0.999157429 0.034064379 2.171748638 -0.039737612 0.034955796 -0.998598456 50.039840698
-0.995489359 0.027848862 0.090692833 -185.024108887 0.030806683 0.999032736 0.031378478 2.172093153 -0.089731246 0.034030888 -0.995384455 49.625709534
-0.989845216 0.030455953 0.138848454 -184.889114380 0.034590695 0.999024153 0.027463039 2.171737671 -0.137876540 0.031987023 -0.989932775 49.229614258
-0.981106460 0.031176861 0.190940112 -184.816055298 0.036385391 0.999053538 0.023832530 2.181087494 -0.190016389 0.030329680 -0.981312335 48.798645020
-0.970413566 0.030561155 0.239506975 -184.667053223 0.036801174 0.999088585 0.021623792 2.169727087 -0.238627836 0.029798161 -0.970653772 48.369827271
-0.956964791 0.031567138 0.288482189 -184.504760742 0.038558222 0.999083459 0.018582232 2.179430485 -0.287631214 0.028905900 -0.957304835 47.949924469
-0.940342069 0.036248758 0.338293850 -184.346649170 0.044424608 0.998877227 0.016453966 2.188091278 -0.337317586 0.030500930 -0.940896690 47.526496887
-0.924241126 0.040193826 0.379687756 -184.111267090 0.049551889 0.998660386 0.014901508 2.174484253 -0.378580183 0.032586832 -0.924994648 47.130870819
-0.906180203 0.034675106 0.421467781 -183.898803711 0.045231264 0.998862863 0.015071139 2.179851532 -0.420465916 0.032720689 -0.906718075 46.718204498
-0.887969613 0.030500064 0.458889663 -183.649108887 0.044232719 0.998836637 0.019204475 2.168687820 -0.457770020 0.037350934 -0.888285697 46.324546814
-0.870151818 0.030991942 0.491808087 -183.414703369 0.047668941 0.998633623 0.021410028 2.174391508 -0.490472615 0.042073943 -0.870440364 45.959960938
-0.852561951 0.031951413 0.521648526 -183.144775391 0.051162370 0.998437643 0.022462627 2.179135561 -0.520115852 0.045839559 -0.852864742 45.555900574
-0.836158454 0.030935809 0.547614872 -182.882186890 0.051472835 0.998427868 0.022191282 2.180854559 -0.546067357 0.046742722 -0.836436152 45.159934998
-0.821823418 0.028982736 0.569004536 -182.588012695 0.050581802 0.998473227 0.022198122 2.184399605 -0.567492425 0.047024209 -0.822034717 44.773010254
-0.809952796 0.026643265 0.585889518 -182.280975342 0.048698254 0.998573065 0.021912050 2.182278395 -0.584469676 0.046279524 -0.810094655 44.409469604
-0.799548507 0.025963439 0.600040138 -181.985412598 0.048158191 0.998619795 0.020960603 2.185775042 -0.598667681 0.045655865 -0.799695313 44.013565063
-0.791260600 0.025375854 0.610952437 -181.667266846 0.047162112 0.998695016 0.019600188 2.186876535 -0.609657645 0.044322658 -0.791424632 43.620841980
-0.784788251 0.023751669 0.619308650 -181.343261719 0.044791006 0.998825967 0.018452298 2.186933041 -0.618143380 0.042220604 -0.784930706 43.233894348
-0.779544175 0.023382712 0.625910580 -181.031890869 0.042445458 0.998977840 0.015544233 2.192859650 -0.624907255 0.038684472 -0.779739916 42.863189697
-0.774803579 0.024063015 0.631743908 -180.691589355 0.042750604 0.998982251 0.014380513 2.191644192 -0.630754948 0.038149513 -0.775043786 42.466217041
-0.770628273 0.025846247 0.636760652 -180.360687256 0.044591580 0.998915195 0.013420003 2.196702957 -0.635723054 0.038735997 -0.770944834 42.044723511
-0.767960429 0.028675448 0.639855027 -180.005416870 0.048100766 0.998758256 0.012971131 2.194846630 -0.638688564 0.040738832 -0.768386185 41.621353149
-0.765878916 0.027464883 0.642397940 -179.634750366 0.045480374 0.998898804 0.011515963 2.191901684 -0.641374171 0.038036339 -0.766284764 41.192276001
-0.763742924 0.023971576 0.645075262 -179.270355225 0.040293645 0.999131918 0.010577405 2.185630798 -0.644261777 0.034070857 -0.764045715 40.758438110
-0.763817072 0.021748796 0.645066261 -178.877944946 0.037414223 0.999243498 0.010611741 2.189753771 -0.644347489 0.032240082 -0.764052987 40.338378906
-0.762753844 0.023318673 0.646268368 -178.497833252 0.040275101 0.999122620 0.011484046 2.193914890 -0.645433545 0.034788024 -0.763023853 39.870315552
-0.762778521 0.026983090 0.646096587 -178.107391357 0.045133408 0.998914003 0.011566405 2.193587303 -0.645082831 0.037983149 -0.763168037 39.395957947
-0.763539553 0.027131960 0.645190835 -177.696166992 0.044498377 0.998952687 0.010652241 2.193004131 -0.644226134 0.036843348 -0.763947248 38.932655334
-0.763678014 0.025855303 0.645079315 -177.270065308 0.039718572 0.999186516 0.006972678 2.185752392 -0.644374371 0.030946516 -0.764083803 38.431930542
-0.763938069 0.030133316 0.644585550 -176.855590820 0.039602760 0.999215603 0.000223986 2.179147959 -0.644073129 0.025698477 -0.764532030 37.943748474
-0.764995158 0.032790784 0.643200696 -176.419143677 0.039574046 0.999209166 -0.003872661 2.176944733 -0.642819047 0.022491489 -0.765687823 37.462181091
-0.764623582 0.034916341 0.643530548 -175.983978271 0.042040225 0.999106884 -0.004258084 2.172642708 -0.643104494 0.023798341 -0.765408576 36.922531128
-0.765266418 0.031991329 0.642918110 -175.518997192 0.040258236 0.999187708 -0.001799704 2.162410975 -0.642453432 0.024505494 -0.765932739 36.385299683
-0.766008615 0.025541395 0.642322600 -175.036117554 0.033871420 0.999425948 0.000652418 2.155908346 -0.641937315 0.022256134 -0.766434014 35.851676941
-0.765959501 0.021807125 0.642518818 -174.547943115 0.030020352 0.999547601 0.001863159 2.150292873 -0.642187595 0.020715745 -0.766267598 35.288970947
-0.766098499 0.020629454 0.642391980 -174.071548462 0.030546378 0.999523997 0.004330530 2.136772633 -0.641996801 0.022940360 -0.766363978 34.732849121
-0.765970767 0.018411756 0.642611802 -173.573028564 0.030311456 0.999512494 0.007492716 2.136479616 -0.642160594 0.025217699 -0.766155303 34.132423401
-0.766323090 0.016540932 0.642242491 -173.054565430 0.030970512 0.999457359 0.011212990 2.141757488 -0.641708612 0.028483348 -0.766419470 33.516563416
-0.765973628 0.013066236 0.642739236 -172.525070190 0.028310396 0.999509096 0.013419429 2.137530804 -0.642248452 0.028475128 -0.765967429 32.872779846
-0.765037954 0.013188052 0.643850148 -172.000823975 0.026548689 0.999586284 0.011071146 2.130812645 -0.643437803 0.025563223 -0.765071452 32.237098694
-0.765502036 0.013960645 0.643282056 -171.441955566 0.024658104 0.999666691 0.007648023 2.146720409 -0.642960846 0.021716693 -0.765591085 31.634002686
-0.764675200 0.015547402 0.644228399 -170.895706177 0.027201563 0.999596715 0.008163606 2.154599667 -0.643841565 0.023766525 -0.764789581 30.963386536
-0.764616609 0.013544267 0.644343257 -170.343719482 0.029037874 0.999487936 0.013448592 2.160014868 -0.643831074 0.028993372 -0.764618099 30.294731140
-0.765270114 0.014993852 0.643534601 -169.799972534 0.032851484 0.999335587 0.015782164 2.161975861 -0.642870426 0.033218682 -0.765254259 29.666557312
-0.765466034 0.015582182 0.643287539 -169.218811035 0.033587422 0.999311447 0.015760567 2.149579525 -0.642599106 0.033670548 -0.765462339 29.005905151
-0.765082359 0.020009343 0.643621504 -168.645507812 0.036316808 0.999266922 0.012104435 2.152720928 -0.642907560 0.032635167 -0.765248299 28.309539795
-0.765236914 0.025791783 0.643231928 -168.053771973 0.040120199 0.999165475 0.007666284 2.153406382 -0.642497420 0.031673122 -0.765632927 27.615509033
-0.765211225 0.027948815 0.643172503 -167.473480225 0.040916219 0.999148786 0.005262231 2.152548075 -0.642477870 0.030342905 -0.765703261 26.915138245
-0.765995979 0.027524147 0.642255783 -166.901397705 0.039826576 0.999195755 0.004678819 2.143939972 -0.641610384 0.029162811 -0.766476095 26.251617432
-0.766389251 0.025749929 0.641860127 -166.310882568 0.039237473 0.999207020 0.006764198 2.145742893 -0.641176879 0.030368978 -0.766791940 25.550170898
-0.766240835 0.022689519 0.642152846 -165.714157104 0.038041241 0.999225318 0.010086082 2.144314289 -0.641426444 0.032156650 -0.766510308 24.818527222
-0.766699314 0.021599047 0.641643047 -165.110946655 0.039068665 0.999151289 0.013049625 2.133286953 -0.640816569 0.035073273 -0.766892374 24.100883484
-0.766897559 0.024966666 0.641283751 -164.544448853 0.044177108 0.998926461 0.013939929 2.138902664 -0.640247226 0.039020557 -0.767177224 23.413764954
-0.767016530 0.029455284 0.640950918 -163.961975098 0.050923191 0.998589158 0.015048269 2.136334896 -0.639603376 0.044181529 -0.767434359 22.706146240
-0.766917348 0.029858053 0.641051054 -163.381134033 0.054163475 0.998364389 0.018297587 2.134692669 -0.639456213 0.048754282 -0.767280161 21.991813660
-0.767332554 0.030043045 0.640545189 -162.799850464 0.059666306 0.997913420 0.024672031 2.140793085 -0.638467371 0.057150614 -0.767524064 21.321006775
-0.766128063 0.029493257 0.642010927 -162.223419189 0.062913753 0.997590303 0.029248405 2.153268337 -0.639601290 0.062799342 -0.766137421 20.578369141
-0.766194582 0.031322278 0.641844928 -161.683242798 0.064525940 0.997513294 0.028348025 2.155023575 -0.639360845 0.063135743 -0.766310513 19.927505493
-0.766687870 0.034491442 0.641092837 -161.110000610 0.061957676 0.997870028 0.020409241 2.161982536 -0.639023423 0.055368140 -0.767191887 19.260169983
-0.767121255 0.039900221 0.640259981 -160.552963257 0.061829742 0.998015940 0.011885575 2.162557602 -0.638515472 0.048704784 -0.768066227 18.583740234
-0.767503142 0.041320235 0.639712036 -159.982681274 0.061382879 0.998072147 0.009177535 2.160671949 -0.638099492 0.046311159 -0.768559873 17.900588989
-0.769205689 0.040539529 0.637713969 -159.399154663 0.062494360 0.997973919 0.011938931 2.149577618 -0.635937929 0.049037021 -0.770180702 17.234573364
-0.769621491 0.039153252 0.637298822 -158.819213867 0.063022777 0.997902334 0.014800830 2.142550945 -0.635382473 0.051555373 -0.770474553 16.506248474
-0.769847035 0.037890453 0.637102664 -158.287078857 0.062597975 0.997905850 0.016292112 2.139907360 -0.635151207 0.052423768 -0.770606637 15.844650269
-0.772268474 0.035769496 0.634288490 -157.713912964 0.059616350 0.998088300 0.016299702 2.141018867 -0.632492900 0.050401710 -0.772924602 15.175872803
-0.775543571 0.033614788 0.630398512 -157.185699463 0.057347268 0.998203933 0.017323785 2.137303352 -0.628683925 0.049586974 -0.776078343 14.471572876
-0.781486988 0.031620193 0.623119771 -156.642211914 0.054755602 0.998337328 0.018011265 2.136430740 -0.621514201 0.048194863 -0.781919062 13.807777405
-0.788465500 0.033563975 0.614162624 -156.133331299 0.056053828 0.998275995 0.017406469 2.139636755 -0.612519622 0.048150551 -0.788987637 13.127471924
-0.797082067 0.034907304 0.602861106 -155.630386353 0.058002479 0.998137653 0.018893985 2.142706394 -0.601078808 0.050027505 -0.797622383 12.434829712
-0.808157921 0.035912145 0.587869942 -155.065231323 0.059621867 0.998000145 0.020997066 2.173000097 -0.585940301 0.052018844 -0.808682740 11.699829102
-0.818992615 0.037373751 0.572585583 -154.622985840 0.062720552 0.997728169 0.024588151 2.175270796 -0.570365846 0.056050409 -0.819476128 10.976905823
-0.833642662 0.039020855 0.550924003 -154.134155273 0.064677745 0.997535050 0.027215103 2.171048641 -0.548504055 0.058320198 -0.834111571 10.283287048
-0.848418355 0.043523721 0.527533770 -153.727264404 0.068945363 0.997210085 0.028609008 2.176218987 -0.524816811 0.060643427 -0.849052191 9.549652100
-0.864071429 0.046770558 0.501191676 -153.314346313 0.071088590 0.997033238 0.029517304 2.215317965 -0.498324215 0.061134081 -0.864832640 8.763916016
-0.880860329 0.048997127 0.470833719 -152.879669189 0.072621435 0.996841908 0.032128006 2.202638865 -0.467772633 0.062492903 -0.881636798 8.043880463
-0.895326138 0.052687827 0.442283958 -152.549758911 0.074481733 0.996707499 0.032040697 2.222556353 -0.439139634 0.061628953 -0.896302521 7.282051086
-0.908996284 0.059577204 0.412524253 -152.212036133 0.076426640 0.996775329 0.024450552 2.231894016 -0.409737319 0.053753294 -0.910618424 6.495491028
