1.000000000 0.000000000 0.000000000 0.000000000 0.000000000 1.000000000 0.000000000 0.000000000 0.000000000 0.000000000 1.000000000 0.000000000
0.999978244 0.000435560 -0.006584345 -0.006580537 -0.000432480 0.999999821 0.000469128 -0.002881191 0.006584548 -0.000466270 0.999978185 0.091796763
0.999905825 0.001038495 -0.013685076 -0.014391355 -0.001035281 0.999999464 0.000241903 -0.001862711 0.013685321 -0.000227713 0.999906301 0.189509705
0.999774694 0.001213229 -0.021192336 -0.028825630 -0.001225182 0.999999106 -0.000551050 -0.002483436 0.021191649 0.000576890 0.999775290 0.283481061
0.999537230 0.001785752 -0.030366449 -0.041342601 -0.001848395 0.999996245 -0.002034957 -0.001169109 0.030362699 0.002090145 0.999536753 0.387438029
0.999120474 0.002141147 -0.041876499 -0.057880022 -0.002291235 0.999991119 -0.003536378 -0.002277212 0.041868556 0.003629217 0.999116540 0.503708959
0.998468339 0.002047623 -0.055287931 -0.083606705 -0.002287734 0.999988198 -0.004279966 -0.004117602 0.055278517 0.004399894 0.998461306 0.623325527
0.997443974 0.001875116 -0.071428373 -0.108187474 -0.002205266 0.999987245 -0.004543535 -0.001139964 0.071418941 0.004689442 0.997435391 0.762084484
0.995924830 0.000469896 -0.090185709 -0.136247501 -0.000886939 0.999989092 -0.004584243 -0.002692884 0.090182558 0.004645550 0.995914400 0.912088394
0.993923187 -0.000864034 -0.110072285 -0.174807161 0.000342234 0.999988675 -0.004759328 -0.005303217 0.110075131 0.004692736 0.993912160 1.074310660
0.991246939 -0.000915243 -0.132017210 -0.223420560 0.000216542 0.999985874 -0.005306760 -0.006988931 0.132020205 0.005231724 0.991233230 1.235045314
0.987719536 0.002674031 -0.156214535 -0.278882772 -0.003737977 0.999971747 -0.006517428 -0.012316113 0.156192690 0.007021317 0.987701654 1.408040404
0.983317494 0.006971463 -0.181763798 -0.341410458 -0.008575516 0.999930859 -0.008040503 -0.019445095 0.181695163 0.009465085 0.983309329 1.583347797
0.978008687 0.010343801 -0.208307460 -0.417365998 -0.012489228 0.999881625 -0.008986705 -0.024228284 0.208189845 0.011390675 0.978022099 1.756268740
0.971304059 0.010880239 -0.237592116 -0.492305189 -0.013477772 0.999865830 -0.009311063 -0.025922976 0.237458915 0.012246085 0.971320331 1.942736983
0.963241994 0.012768323 -0.268331677 -0.580552459 -0.015690384 0.999838591 -0.008748029 -0.030190974 0.268176675 0.012636694 0.963286877 2.136174202
0.953758657 0.014459714 -0.300225437 -0.676750124 -0.017551303 0.999817133 -0.007603092 -0.033811972 0.300060540 0.012520865 0.953837991 2.323099375
0.942480206 0.016717091 -0.333843827 -0.780830026 -0.020050056 0.999777615 -0.006540201 -0.033559591 0.333660245 0.012857596 0.942605674 2.517724991
0.930074632 0.019058578 -0.366875648 -0.865646601 -0.022739692 0.999725103 -0.005713849 -0.042371511 0.366665959 0.013656946 0.930252373 2.660910130
0.916101635 0.021765923 -0.400354803 -0.981571138 -0.025964202 0.999650002 -0.005064358 -0.042005643 0.400104523 0.015034360 0.916346192 2.840893984
0.899957776 0.022397613 -0.435401082 -1.109481812 -0.027021622 0.999625027 -0.004430655 -0.039676256 0.435138613 0.015752651 0.900225759 3.034796000
0.881508827 0.017572278 -0.471840322 -1.235176206 -0.022754602 0.999727130 -0.005279115 -0.037916239 0.471618861 0.015390127 0.881668210 3.217260122
0.860466838 0.012439051 -0.509354472 -1.373524427 -0.017751032 0.999826908 -0.005570342 -0.043200910 0.509196997 0.013834664 0.860538781 3.388168573
0.835467875 0.014129010 -0.549357593 -1.533819556 -0.018519066 0.999825537 -0.002449294 -0.046049755 0.549227238 0.012219897 0.835583746 3.565314531
0.806503117 0.019900512 -0.590894759 -1.711161852 -0.023309693 0.999726474 0.001854356 -0.055950619 0.590770125 0.012278033 0.806746542 3.722994328
0.773797393 0.022514805 -0.633032918 -1.906936884 -0.026070533 0.999653280 0.003686521 -0.058419719 0.632896423 0.013650888 0.774116099 3.896645546
0.737657189 0.021510161 -0.674832642 -2.115511417 -0.025277603 0.999671519 0.004233476 -0.056951925 0.674701929 0.013935298 0.737958670 4.067529202
0.697852850 0.016916534 -0.716041327 -2.335767508 -0.019321520 0.999801934 0.004789675 -0.051079199 0.715980411 0.010492519 0.698041439 4.233855247
0.654724896 0.013849778 -0.755740404 -2.568088293 -0.014160573 0.999881387 0.006056122 -0.057069123 0.755734622 0.006736622 0.654843330 4.395032406
0.610464454 0.012996106 -0.791936994 -2.825407505 -0.011044103 0.999907792 0.007895675 -0.055728260 0.791966617 0.003926204 0.610551715 4.532757759
0.561896205 0.012973243 -0.827105999 -3.103801012 -0.008822115 0.999914110 0.009690436 -0.045124337 0.827160656 0.001851805 0.561962306 4.674775600
0.511222541 0.014174183 -0.859331369 -3.402709484 -0.007172252 0.999899566 0.012225946 -0.048626080 0.859418452 -0.000086838 0.511272848 4.797225952
0.458949745 0.015528344 -0.888326466 -3.708804131 -0.006663410 0.999879301 0.014035714 -0.041475914 0.888437212 -0.000522405 0.458997786 4.897274494
0.404269457 0.017677255 -0.914469063 -4.042744637 -0.005739733 0.999842584 0.016790150 -0.035313301 0.914621890 -0.001538936 0.404307216 4.995101929
0.348997802 0.019728146 -0.936915874 -4.389118671 -0.005639850 0.999804556 0.018951535 -0.032202087 0.937106550 -0.001329979 0.349040836 5.073383808
0.293352455 0.022717031 -0.955734372 -4.763175488 -0.002360899 0.999731719 0.023038164 -0.030450925 0.956001461 -0.004501908 0.293327361 5.155611038
0.239217579 0.024288245 -0.970662177 -5.141479969 0.001718025 0.999674916 0.025437620 -0.025705293 0.970964491 -0.007752748 0.239098117 5.216896057
0.189014554 0.024739224 -0.981662571 -5.521071434 0.003877921 0.999655962 0.025939362 -0.020180687 0.981966615 -0.008709727 0.188853621 5.240843773
0.141122058 0.025835987 -0.989655018 -5.957887650 0.001635314 0.999651968 0.026330164 -0.015084624 0.989990830 -0.005334164 0.141030684 5.273799419
0.098853663 0.026338985 -0.994753242 -6.385209084 -0.000713946 0.999651194 0.026397722 -0.006153405 0.995101631 -0.001899312 0.098837987 5.274035454
0.060481369 0.025011264 -0.997855961 -6.836444378 -0.001718933 0.999687135 0.024952982 0.003291532 0.998167813 0.000206057 0.060505457 5.273229122
0.026352834 0.021813413 -0.999414623 -7.287619591 -0.000192713 0.999761999 0.021815909 0.012210459 0.999652684 -0.000382311 0.026350768 5.258274078
-0.004892641 0.019145865 -0.999804676 -7.760917664 0.000006527 0.999816835 0.019146059 0.014996439 0.999988019 0.000087149 -0.004891868 5.230561256
-0.031772621 0.016984224 -0.999350727 -8.248876572 -0.000460893 0.999855280 0.017007452 0.023147434 0.999495029 0.001000965 -0.031760190 5.198739052
-0.052454714 0.014788592 -0.998513818 -8.764099121 -0.000753350 0.999889433 0.014848541 0.032789178 0.998623013 0.001531106 -0.052437782 5.151044369
-0.068556890 0.013999514 -0.997548997 -9.289240837 -0.000408683 0.999900997 0.014060609 0.042462759 0.997647107 0.001371633 -0.068544380 5.098857880
-0.081809849 0.014290943 -0.996545494 -9.825435638 0.000450061 0.999897599 0.014302067 0.050022803 0.996647835 0.000721544 -0.081807874 5.047516346
-0.091412000 0.015433932 -0.995693684 -10.380313873 -0.000086261 0.999879777 0.015506744 0.053624384 0.995813131 0.001503392 -0.091399685 4.985883713
-0.098171920 0.016887680 -0.995026171 -10.955884933 -0.002324249 0.999849379 0.017198857 0.050002858 0.995166779 0.004001134 -0.098117866 4.919157982
-0.102403797 0.017940320 -0.994581223 -11.545529366 -0.002253181 0.999830604 0.018267004 0.056338906 0.994740367 0.004111581 -0.102346048 4.849600792
-0.103728592 0.018560182 -0.994432569 -12.156244278 -0.000066024 0.999825835 0.018667730 0.065793931 0.994605601 0.002002033 -0.103709333 4.781678200
-0.102867857 0.020720895 -0.994479179 -12.776181221 0.001983521 0.999785304 0.020626275 0.072026119 0.994692981 0.000149212 -0.102886871 4.719191074
-0.101169907 0.023248916 -0.994597435 -13.418972969 0.001600688 0.999729335 0.023206059 0.076204807 0.994867861 0.000755715 -0.101179756 4.648526669
-0.099558748 0.023079937 -0.994763970 -14.068779945 -0.000628470 0.999729216 0.023258038 0.083223730 0.995031476 0.002940721 -0.099517301 4.582352638
-0.098043427 0.021162694 -0.994957209 -14.736499786 -0.002643886 0.999764800 0.021525485 0.084627450 0.995178640 0.004740984 -0.097964428 4.511836052
-0.096894450 0.020947164 -0.995074213 -15.414048195 -0.002958043 0.999767959 0.021334011 0.097841457 0.995290279 0.005010619 -0.096810013 4.447175980
-0.095337547 0.023256127 -0.995173275 -16.117033005 -0.002596458 0.999717832 0.023611065 0.112679183 0.995441616 0.004834948 -0.095250264 4.378457546
-0.093397453 0.026709018 -0.995270729 -16.835361481 -0.003362369 0.999625921 0.027141431 0.125426471 0.995623171 0.005881407 -0.093272708 4.306922436
-0.091611557 0.028760970 -0.995379448 -17.571958542 -0.003175976 0.999569178 0.029174343 0.134782046 0.995789707 0.005834008 -0.091480747 4.233803272
-0.089574493 0.028202327 -0.995580733 -18.308029175 -0.006309994 0.999562800 0.028882854 0.143199742 0.995960116 0.008869275 -0.089357384 4.157403469
-0.087910205 0.025055334 -0.995813251 -19.061870575 -0.008580638 0.999627531 0.025908804 0.158847064 0.996091425 0.010822361 -0.087662458 4.083844185
-0.086337492 0.024355222 -0.995968223 -19.831590652 -0.009211109 0.999638855 0.025243465 0.172748297 0.996223509 0.011353428 -0.086081967 4.013749123
-0.085153259 0.026478356 -0.996015966 -20.616117477 -0.006459333 0.999611080 0.027126167 0.188575238 0.996346951 0.008743477 -0.084949099 3.950594902
-0.083866455 0.028715989 -0.996063173 -21.402658463 -0.004372096 0.999564409 0.029185049 0.200091124 0.996467471 0.006802531 -0.083704375 3.880578995
-0.082589425 0.030505061 -0.996116698 -22.197332382 -0.003601965 0.999515772 0.030907799 0.207520068 0.996577144 0.006140634 -0.082439557 3.812650681
-0.081807382 0.025778107 -0.996314883 -23.000484467 -0.003378198 0.999652565 0.026141856 0.219325691 0.996642411 0.005504345 -0.081691891 3.740243912
-0.081342682 0.018967528 -0.996505678 -23.800918579 -0.002326671 0.999812543 0.019220393 0.225117072 0.996683478 0.003881979 -0.081283309 3.670993567
-0.081868790 0.014729863 -0.996534228 -24.613025665 0.000753400 0.999891400 0.014717591 0.231090009 0.996642828 0.000454123 -0.081871003 3.609639168
-0.082074016 0.015046885 -0.996512651 -25.440406799 0.002150018 0.999886394 0.014920751 0.243079484 0.996623933 -0.000917914 -0.082097039 3.536987066
-0.082011983 0.022818463 -0.996370077 -26.285436630 0.001600582 0.999739587 0.022763886 0.243481070 0.996630073 0.000272139 -0.082027130 3.455831289
-0.082654141 0.029673826 -0.996136427 -27.128635406 0.000191460 0.999557078 0.029759835 0.252827525 0.996578276 0.002269054 -0.082623206 3.385958195
-0.083570927 0.034614176 -0.995900571 -27.968849182 -0.001648954 0.999390304 0.034873843 0.265808284 0.996500492 0.004556633 -0.083462894 3.315829515
-0.083287768 0.035428487 -0.995895565 -28.810747147 -0.003141948 0.999353528 0.035814267 0.273221433 0.996520579 0.006111942 -0.083122596 3.228596449
-0.083421588 0.031868756 -0.996004641 -29.642450333 -0.003106450 0.999475360 0.032239996 0.287770212 0.996509492 0.005783550 -0.083278820 3.153162479
-0.084049597 0.029062890 -0.996037662 -30.477645874 -0.003011448 0.999562621 0.029419860 0.303775132 0.996457040 0.005472242 -0.083925329 3.080322504
-0.084266409 0.030342184 -0.995981216 -31.312778473 -0.004846333 0.999512076 0.030859780 0.314536512 0.996431470 0.007427300 -0.084078237 3.004721642
-0.084344082 0.033020977 -0.995889544 -32.155517578 -0.005836981 0.999417245 0.033632301 0.319891274 0.996419549 0.008649673 -0.084102169 2.928528786
-0.084287487 0.031406708 -0.995946348 -32.992294312 -0.006729494 0.999462545 0.032087099 0.328398287 0.996418715 0.009406756 -0.084030822 2.850833416
-0.083861098 0.026100568 -0.996135533 -33.825382233 -0.007355023 0.999613404 0.026810894 0.343495905 0.996450305 0.009574991 -0.083636723 2.774320841
-0.083468720 0.021896904 -0.996269703 -34.650505066 -0.008582654 0.999705613 0.022691486 0.352345020 0.996473432 0.010444668 -0.083256215 2.697789431
-0.082819529 0.022629652 -0.996307611 -35.498050690 -0.008276341 0.999691963 0.023394506 0.360609412 0.996530175 0.010183302 -0.082606733 2.614777803
-0.082524195 0.025268167 -0.996268630 -36.334011078 -0.006930628 0.999639809 0.025927754 0.366180360 0.996564984 0.009044434 -0.082319327 2.543666840
-0.081801251 0.030223493 -0.996190250 -37.169067383 -0.006755449 0.999500334 0.030878631 0.371859610 0.996625721 0.009255622 -0.081556186 2.471968174
-0.081321381 0.035926349 -0.996040225 -38.011474609 -0.006049326 0.999314070 0.036538325 0.384672761 0.996669590 0.008996717 -0.081048258 2.402796745
-0.081182867 0.039010119 -0.995935500 -38.855731964 -0.006254505 0.999194086 0.039647587 0.397965789 0.996679604 0.009447788 -0.080873460 2.316011667
-0.080912791 0.038780626 -0.995966494 -39.684925079 -0.006115794 0.999204636 0.039403573 0.414954185 0.996702492 0.009279378 -0.080611266 2.246852875
-0.081214979 0.034253951 -0.996107817 -40.506053925 -0.005845385 0.999375641 0.034842916 0.434450984 0.996679485 0.008652400 -0.080964051 2.182103157
-0.080758579 0.029429933 -0.996299148 -41.336532593 -0.006693340 0.999525428 0.030067781 0.451739371 0.996711195 0.009096802 -0.080523267 2.103051662
-0.080033094 0.027564418 -0.996411026 -42.170310974 -0.011537296 0.999525011 0.028577246 0.449154735 0.996725440 0.013783014 -0.079677060 2.013206959
-0.081166618 0.026070883 -0.996359587 -42.996330261 -0.014617489 0.999519229 0.027344346 0.459511459 0.996593297 0.016783724 -0.080746502 1.948038816
-0.081266083 0.023449915 -0.996416569 -43.814487457 -0.012206964 0.999624729 0.024521001 0.475057244 0.996617794 0.014155948 -0.080949321 1.868448734
-0.082360066 0.019832598 -0.996405303 -44.648735046 -0.008733057 0.999749243 0.020621007 0.479013264 0.996564329 0.010400010 -0.082166225 1.800398588
-0.083004653 0.018472534 -0.996377945 -45.474395752 -0.004293001 0.999812305 0.018893844 0.485339642 0.996539891 0.005845731 -0.082909763 1.730936289
-0.085348412 0.021671629 -0.996115446 -46.280044556 -0.004147072 0.999747038 0.022105966 0.490974307 0.996342480 0.006017673 -0.085236959 1.661742926
-0.086918004 0.028574953 -0.995805562 -47.105567932 -0.001467860 0.999583781 0.028811492 0.488688111 0.996214390 0.003965941 -0.086839885 1.586750984
-0.088470347 0.032138843 -0.995560169 -47.918464661 0.000291753 0.999480069 0.032239463 0.500121951 0.996078730 0.002561778 -0.088433735 1.506348610
-0.089999735 0.030897325 -0.995462418 -48.720851898 -0.000504442 0.999517083 0.031068785 0.507083118 0.995941639 0.003298335 -0.089940675 1.436089993
-0.091289282 0.027045814 -0.995457172 -49.520774841 -0.003564280 0.999615788 0.027485680 0.513974726 0.995818019 0.006057234 -0.091157824 1.354367733
-0.092191204 0.023280110 -0.995469093 -50.314075470 -0.008386544 0.999673069 0.024155106 0.524285793 0.995706022 0.010575435 -0.091965824 1.267599583
-0.093651794 0.021919319 -0.995363653 -51.105598450 -0.012644627 0.999650776 0.023203433 0.529708445 0.995524824 0.014759047 -0.093341917 1.180808544
-0.094676651 0.023137646 -0.995239079 -51.899883270 -0.013958020 0.999600768 0.024566865 0.532020867 0.995410144 0.016217481 -0.094315909 1.096802235
-0.095615797 0.024679119 -0.995112300 -52.687423706 -0.013903964 0.999561906 0.026125444 0.537674904 0.995321214 0.016334014 -0.095230788 1.016705036
-0.096449569 0.024212262 -0.995043337 -53.470932007 -0.015900185 0.999539018 0.025862861 0.542883992 0.995210826 0.018315839 -0.096020140 0.932057858
-0.097164236 0.024062209 -0.994977415 -54.251300812 -0.016676003 0.999527991 0.025800746 0.547023296 0.995128632 0.019099157 -0.096717134 0.852601051
-0.097724333 0.025729004 -0.994880855 -55.028743744 -0.014788841 0.999517858 0.027301589 0.557247519 0.995103657 0.017381163 -0.097296700 0.774729729
-0.097811863 0.028615005 -0.994793475 -55.801235199 -0.013978536 0.999448419 0.030123323 0.566228509 0.995106697 0.016852172 -0.097357929 0.692769527
-0.097985134 0.032937296 -0.994642615 -56.573696136 -0.013778171 0.999311447 0.034449235 0.573174119 0.995092511 0.017079869 -0.097463831 0.612707138
-0.098544657 0.034987990 -0.994517386 -57.333560944 -0.013996360 0.999234021 0.036540799 0.585039973 0.995034158 0.017520526 -0.097979479 0.531650543
-0.099457659 0.034930173 -0.994428515 -58.086715698 -0.013542352 0.999243557 0.036453746 0.595699906 0.994949758 0.017092500 -0.098909393 0.458195210
-0.099644937 0.033017967 -0.994475067 -58.834903717 -0.013077406 0.999319434 0.034489147 0.603689909 0.994937062 0.016441820 -0.099145345 0.377896786
-0.099864028 0.029812312 -0.994554341 -59.565101624 -0.012931444 0.999427736 0.031256855 0.607593775 0.994917035 0.015982460 -0.099421352 0.301057816
-0.099382371 0.026601577 -0.994693696 -60.294307709 -0.013163028 0.999519944 0.028045801 0.621017456 0.994962275 0.015880439 -0.098984495 0.218788147
-0.098176003 0.024071096 -0.994877875 -61.015529633 -0.013267386 0.999586940 0.025494272 0.631541491 0.995080590 0.015702356 -0.097816095 0.140280724
-0.095943943 0.023578815 -0.995107412 -61.693656921 -0.016006252 0.999553561 0.025227418 0.629774094 0.995258033 0.018348359 -0.095523708 0.071940899
-0.091951124 0.024521261 -0.995461524 -62.375408173 -0.016402090 0.999523759 0.026136393 0.632725477 0.995628417 0.018730925 -0.091505133 0.007765293
-0.085904494 0.026200481 -0.995958745 -63.047100067 -0.015914703 0.999490499 0.027666083 0.636300802 0.996176243 0.018227030 -0.085443757 -0.054399014
-0.078467943 0.027382309 -0.996540546 -63.697994232 -0.015107962 0.999475241 0.028652551 0.642502427 0.996802151 0.017304003 -0.078013077 -0.106154442
-0.069746576 0.028493484 -0.997157633 -64.338111877 -0.016072141 0.999430060 0.029682588 0.649326444 0.997435212 0.018096717 -0.069248863 -0.152783871
-0.058216721 0.030729152 -0.997831047 -64.952774048 -0.018399449 0.999323308 0.031848598 0.648460031 0.998134315 0.020213658 -0.057611931 -0.185742617
-0.043280609 0.032169919 -0.998544931 -65.561340332 -0.021685012 0.999215782 0.033131443 0.654211402 0.998827577 0.023087407 -0.042549059 -0.212565184
-0.025082938 0.033555709 -0.999122143 -66.146675110 -0.023429090 0.999142170 0.034144580 0.660257220 0.999410689 0.024264965 -0.024275243 -0.219333768
-0.002453163 0.034480479 -0.999402404 -66.719429016 -0.024320329 0.999107599 0.034530014 0.664495349 0.999701142 0.024390496 -0.001612399 -0.220202431
0.022690102 0.035227094 -0.999121726 -67.249160767 -0.023444461 0.999122918 0.034694705 0.665969133 0.999467611 0.022636641 0.023496080 -0.188713193
0.051696718 0.034436900 -0.998068929 -67.741302490 -0.021616720 0.999209642 0.033356585 0.675297976 0.998428822 0.019850548 0.052400276 -0.136279821
0.085957244 0.033912484 -0.995721519 -68.244773865 -0.020563575 0.999267876 0.032258093 0.688381553 0.996086597 0.017702779 0.086591691 -0.072935104
0.124008596 0.033974886 -0.991699338 -68.724166870 -0.020039463 0.999295592 0.031729270 0.696722746 0.992078722 0.015938420 0.124602079 0.006646156
0.164944544 0.034110889 -0.985712886 -69.168930054 -0.019854736 0.999314070 0.031259172 0.694438696 0.986102879 0.014415039 0.165508658 0.100039482
0.210092515 0.035374340 -0.977041364 -69.591514587 -0.018816663 0.999306440 0.032134317 0.693724036 0.977500558 0.011633476 0.210612431 0.215214729
0.258553416 0.033772592 -0.965406418 -70.031448364 -0.015550973 0.999404669 0.030797107 0.699208021 0.965871811 0.007050313 0.258924693 0.367248535
0.307640374 0.029395310 -0.951048553 -70.412895203 -0.007952482 0.999567211 0.028322510 0.689667583 0.951469541 -0.001149951 0.307740927 0.543952942
0.359232426 0.023408309 -0.932954431 -70.827598572 -0.002276223 0.999704421 0.024206638 0.697608769 0.933245361 -0.006572196 0.359179556 0.741909027
0.411366642 0.018840093 -0.911275268 -71.202812195 0.002641119 0.999757588 0.021861665 0.701603532 0.911466181 -0.011399942 0.411217183 0.957134247
0.462264061 0.018845439 -0.886542022 -71.558364868 0.001389572 0.999757528 0.021976642 0.707744598 0.886741221 -0.011390928 0.462125778 1.183103561
0.510414839 0.017085994 -0.859758556 -71.929000854 0.003244460 0.999757171 0.021794332 0.719894230 0.859922111 -0.013913603 0.510235488 1.444007874
0.555778146 0.013347884 -0.831223488 -72.276641846 0.011095288 0.999662936 0.023471309 0.715550065 0.831256628 -0.022267504 0.555442691 1.724086761
0.599230766 0.006625304 -0.800548911 -72.601593018 0.021601517 0.999467850 0.024440818 0.721211374 0.800284922 -0.031938765 0.598768771 2.037590027
0.641869903 0.002515976 -0.766809523 -72.882995605 0.022170193 0.999515831 0.021837423 0.713904738 0.766493022 -0.031017097 0.641503334 2.328647614
0.683432639 -0.002348524 -0.730009854 -73.182937622 0.019395294 0.999700248 0.014941659 0.716443896 0.729755938 -0.024370372 0.683273315 2.641338348
0.724042594 -0.009296559 -0.689692557 -73.479797363 0.016241249 0.999861836 0.003572725 0.724639893 0.689564109 -0.013788275 0.724093497 2.989509583
0.763153851 -0.010989765 -0.646123350 -73.731704712 0.010529066 0.999934077 -0.004571482 0.723711908 0.646131039 -0.003314331 0.763219297 3.341308594
0.800211787 -0.011641677 -0.599604487 -73.986679077 0.009009471 0.999932170 -0.007390540 0.720342040 0.599649906 0.000511878 0.800262332 3.737194061
0.834363163 -0.012838446 -0.551065624 -74.238143921 0.009272602 0.999914169 -0.009255932 0.716538906 0.551137149 0.002612996 0.834410608 4.168258667
0.865048885 -0.011598327 -0.501553416 -74.463317871 0.006516114 0.999908149 -0.011884086 0.714828372 0.501645148 0.007012137 0.865045130 4.615554810
0.891051114 -0.010265267 -0.453786969 -74.673248291 0.006366951 0.999928474 -0.010117645 0.697247624 0.453858346 0.006126101 0.891052783 5.090383530
0.912241220 -0.004596077 -0.409627676 -74.867797852 0.000873853 0.999956548 -0.009273578 0.689109445 0.409652531 0.008101786 0.912205696 5.583930969
0.929868340 0.000514109 -0.367892057 -75.057678223 -0.004726190 0.999933183 -0.010548363 0.677464843 0.367862105 0.011547317 0.929808617 6.093587875
0.943445623 0.005445310 -0.331482559 -75.235733032 -0.008950547 0.999918997 -0.009048700 0.669626117 0.331406444 0.011503907 0.943417966 6.631156921
0.953570247 0.006014597 -0.301110536 -75.404380798 -0.008565756 0.999937832 -0.007152947 0.659581602 0.301048756 0.009400079 0.953562379 7.192306519
0.960962892 0.005404862 -0.276624084 -75.555610657 -0.007425902 0.999952853 -0.006259076 0.653809309 0.276577204 0.008068925 0.960957825 7.773488998
0.966712892 0.005861688 -0.255796403 -75.703826904 -0.007096731 0.999967217 -0.003905473 0.643507183 0.255765110 0.005590788 0.966722786 8.377622604
0.971347749 0.008230473 -0.237520128 -75.847915649 -0.008747994 0.999961138 -0.001124923 0.634123683 0.237501636 0.003170515 0.971381903 8.993862152
0.975030541 0.013418259 -0.221664980 -76.008338928 -0.013729908 0.999905705 0.000134954 0.631143808 0.221645832 0.002911855 0.975122988 9.633625031
0.977873862 0.017191576 -0.208488166 -76.147811890 -0.017284695 0.999849677 0.001375344 0.625375330 0.208480477 0.002258742 0.978023887 10.279392242
0.980600834 0.015613263 -0.195392713 -76.270301819 -0.015697191 0.999876082 0.001119040 0.617559552 0.195385963 0.001969785 0.980724454 10.938518524
0.983160973 0.016120914 -0.182029098 -76.389648438 -0.016244501 0.999867678 0.000812090 0.606820107 0.182018116 0.002158557 0.983292758 11.624239922
0.985772014 0.017008506 -0.167225510 -76.507736206 -0.017005714 0.999854326 0.001448796 0.601718783 0.167225793 0.001415606 0.985917568 12.322162628
0.987979591 0.017804811 -0.153554931 -76.607025146 -0.017760951 0.999840915 0.001657509 0.598163128 0.153559968 0.001089696 0.988138795 13.024788857
0.989881873 0.018658176 -0.140661776 -76.710906982 -0.018949633 0.999820173 -0.000732801 0.579830289 0.140622810 0.003390876 0.990057409 13.744261742
0.991382837 0.018970814 -0.129615322 -76.801956177 -0.019906877 0.999784350 -0.005929971 0.567346275 0.129474878 0.008459107 0.991546631 14.469340324
0.992520750 0.017568825 -0.120805636 -76.882804871 -0.019218817 0.999737084 -0.012506594 0.559256554 0.120554149 0.014734794 0.992597461 15.215427399
0.993542254 0.016946817 -0.112189807 -76.981460571 -0.018451890 0.999752939 -0.012390641 0.549237251 0.111952104 0.014380740 0.993609488 15.977389336
0.994282365 0.018608730 -0.105148301 -77.068763733 -0.019371642 0.999792933 -0.006238890 0.533336163 0.105010428 0.008240115 0.994437039 16.738695145
0.994699419 0.023494478 -0.100105435 -77.156883240 -0.023421666 0.999723852 0.001902726 0.516746938 0.100122489 0.000451995 0.994974971 17.510457993
0.995114267 0.024217101 -0.095712945 -77.242225647 -0.023793714 0.999701381 0.005562456 0.504222870 0.095819049 -0.003257914 0.995393455 18.286912918
0.995487750 0.023116348 -0.092031360 -77.315658569 -0.022823377 0.999730527 0.004234770 0.495807111 0.092104450 -0.002115195 0.995747089 19.047441483
0.995743692 0.023106134 -0.089222133 -77.384063721 -0.022894464 0.999732077 0.003395200 0.484773755 0.089276671 -0.001338057 0.996006012 19.823833466
0.996038735 0.021931065 -0.086175039 -77.455459595 -0.021489229 0.999750912 0.006051617 0.469747663 0.086286291 -0.004175810 0.996261656 20.585433960
0.996308565 0.020120196 -0.083454005 -77.523162842 -0.019476270 0.999774039 0.008522943 0.460193247 0.083606638 -0.006866106 0.996475160 21.358837128
0.996586323 0.017823867 -0.080610320 -77.584671021 -0.017037004 0.999800384 0.010438673 0.447953731 0.080780268 -0.009029683 0.996691048 22.123098373
0.996792972 0.016684627 -0.078265861 -77.638633728 -0.016209107 0.999846101 0.006707174 0.439715743 0.078365728 -0.005417044 0.996909976 22.880163193
0.996877015 0.019871360 -0.076428711 -77.701034546 -0.019973924 0.999800444 -0.000577787 0.429311961 0.076401979 0.002102564 0.997074902 23.618494034
0.996991098 0.020392410 -0.074785925 -77.763725281 -0.021058019 0.999745309 -0.008122455 0.415874749 0.074601233 0.009672858 0.997166514 24.374073029
0.997072339 0.021386784 -0.073412068 -77.820960999 -0.022341851 0.999675810 -0.012213100 0.400573969 0.073127069 0.013817504 0.997226894 25.121051788
0.997178197 0.023017814 -0.071454927 -77.879867554 -0.023844371 0.999658048 -0.010736071 0.381561995 0.071183376 0.012409573 0.997386038 25.878553391
0.997251451 0.026663795 -0.069126815 -77.941009521 -0.027188445 0.999608159 -0.006659879 0.359908938 0.068922132 0.008521026 0.997585595 26.639848709
0.997333884 0.029805224 -0.066608414 -78.006965637 -0.029984403 0.999548852 -0.001691727 0.343145192 0.066527948 0.003684429 0.997777700 27.396654129
0.997577012 0.027669070 -0.063832246 -78.063674927 -0.027723918 0.999615550 0.000026537 0.329609096 0.063808434 0.001743207 0.997960687 28.153209686
0.997729957 0.024391627 -0.062770955 -78.107940674 -0.024446405 0.999701142 -0.000104687 0.316039860 0.062749654 0.001638974 0.998027980 28.917751312
0.997785151 0.022750067 -0.062508531 -78.145057678 -0.022789197 0.999740243 0.000087043 0.299174219 0.062494293 0.001337669 0.998044372 29.665740967
0.997912049 0.022017917 -0.060718685 -78.202484131 -0.022171609 0.999752402 -0.001858588 0.286949426 0.060662732 0.003200938 0.998153210 30.419448853
0.997985959 0.019921998 -0.060225848 -78.246833801 -0.020143434 0.999792337 -0.003071863 0.274582237 0.060152143 0.004278831 0.998180091 31.176555634
0.998061836 0.018944709 -0.059275623 -78.294570923 -0.019164333 0.999811530 -0.003138914 0.262386829 0.059204977 0.004268810 0.998236716 31.936903000
0.998046875 0.022446418 -0.058297846 -78.348457336 -0.022596752 0.999742866 -0.001920720 0.248684078 0.058239739 0.003234310 0.998297393 32.708755493
0.998036981 0.022899235 -0.058290910 -78.399864197 -0.023119263 0.999727905 -0.003103003 0.239466846 0.058203992 0.004444554 0.998294830 33.475196838
0.997968435 0.022277895 -0.059687950 -78.452194214 -0.022510389 0.999741435 -0.003225527 0.224402264 0.059600655 0.004562573 0.998211920 34.256622314
0.997896850 0.019826023 -0.061715584 -78.503456116 -0.020040102 0.999795139 -0.002851671 0.214867815 0.061646394 0.004082459 0.998089671 35.040359497
0.997662485 0.021436885 -0.064884484 -78.563468933 -0.021665763 0.999761283 -0.002825881 0.199111789 0.064808413 0.004225048 0.997888803 35.829345703
0.997387707 0.025146114 -0.067715622 -78.620025635 -0.025398543 0.999673367 -0.002869314 0.183550775 0.067621343 0.004581696 0.997700572 36.609119415
0.997205138 0.025407948 -0.070261233 -78.691528320 -0.026006661 0.999632716 -0.007619404 0.162950993 0.070041835 0.009425365 0.997499466 37.420215607
0.997009099 0.025931880 -0.072804086 -78.751075745 -0.026818477 0.999577284 -0.011226717 0.150219947 0.072482184 0.013145634 0.997282982 38.212600708
0.996870637 0.025188854 -0.074929819 -78.822875977 -0.026220696 0.999574006 -0.012818964 0.133926868 0.074575000 0.014743559 0.997106552 39.039421082
0.996730506 0.025773110 -0.076576613 -78.896743774 -0.026714383 0.999579370 -0.011292940 0.113634288 0.076253347 0.013301713 0.996999860 39.863052368
0.996592343 0.024306942 -0.078821421 -78.964462280 -0.025188524 0.999630630 -0.010209524 0.091349810 0.078544162 0.012160129 0.996836483 40.694007874
0.996448457 0.023653571 -0.080813490 -79.033546448 -0.024443895 0.999662459 -0.008804211 0.079692543 0.080577955 0.010748340 0.996690452 41.510505676
0.996373773 0.023490973 -0.081776515 -79.107772827 -0.023999877 0.999698222 -0.005245608 0.065672427 0.081628613 0.007189215 0.996636868 42.341918945
0.996267438 0.022828840 -0.083246797 -79.170692444 -0.022928629 0.999737084 -0.000242769 0.049157791 0.083219364 0.002150598 0.996528924 43.185970306
0.996312737 0.023052977 -0.082641095 -79.244369507 -0.022977626 0.999734282 0.001862902 0.034735017 0.082662076 0.000042863 0.996577561 44.033901215
0.996402681 0.026004702 -0.080655299 -79.320106506 -0.025938731 0.999661803 0.001865705 0.024102122 0.080676533 0.000233103 0.996740282 44.893699646
0.996569633 0.025884049 -0.078606762 -79.394493103 -0.025928823 0.999663711 0.000451143 0.015135322 0.078592017 0.001588586 0.996905625 45.751663208
0.996762872 0.023645202 -0.076842166 -79.464622498 -0.023875382 0.999712765 -0.002078057 0.005562566 0.076770976 0.003905967 0.997041106 46.615188599
0.996960163 0.019832015 -0.075345710 -79.525779724 -0.020157570 0.999790609 -0.003562779 -0.011511832 0.075259246 0.005070737 0.997151136 47.487926483
0.997150421 0.018646250 -0.073098533 -79.595146179 -0.018994868 0.999811232 -0.004076790 -0.021511078 0.073008731 0.005453669 0.997316360 48.355518341
0.997251987 0.016408000 -0.072244383 -79.658721924 -0.016547585 0.999862194 -0.001334041 -0.039941825 0.072212540 0.002525846 0.997386098 49.233905792
0.997354388 0.013655496 -0.071399286 -79.718803406 -0.013605200 0.999906719 0.001190752 -0.054805830 0.071408890 -0.000216200 0.997447133 50.106872559
0.997420371 0.013499168 -0.070500962 -79.786170959 -0.013431822 0.999908745 0.001429251 -0.072310463 0.070513807 -0.000478608 0.997510672 50.981262207
0.997469962 0.015383016 -0.069405206 -79.852256775 -0.015545143 0.999877512 -0.001796384 -0.090185083 0.069369085 0.002870753 0.997586906 51.847309113
0.997465312 0.017601648 -0.068943225 -79.920890808 -0.018164404 0.999806523 -0.007544216 -0.107835770 0.068797119 0.008777407 0.997591972 52.701084137
0.997507215 0.019474676 -0.067824408 -79.989257812 -0.020394061 0.999708891 -0.012889409 -0.127186954 0.067553647 0.014240494 0.997613966 53.564430237
0.997443557 0.024003133 -0.067306094 -80.048858643 -0.025323275 0.999501884 -0.018829783 -0.153045416 0.066820592 0.020486055 0.997554660 54.412029266
0.997518897 0.023885516 -0.066223063 -80.114837646 -0.025229409 0.999490798 -0.019531805 -0.178798556 0.065722816 0.021154108 0.997613728 55.260589600
0.997601449 0.020802647 -0.066019520 -80.168106079 -0.021749260 0.999670267 -0.013652112 -0.205568194 0.065713756 0.015055242 0.997724891 56.119976044
0.997537196 0.020297436 -0.067138106 -80.224563599 -0.020662192 0.999775290 -0.004742951 -0.227073550 0.067026749 0.006118490 0.997732460 56.980983734
0.997509658 0.019504068 -0.067779392 -80.291748047 -0.019338256 0.999808311 0.003101629 -0.253370255 0.067826889 -0.001783170 0.997695506 57.832103729
0.997355342 0.017452562 -0.070551805 -80.349258423 -0.017441681 0.999847591 0.000770298 -0.266743660 0.070554502 0.000462282 0.997507811 58.670722961
0.997343063 0.012828267 -0.071708091 -80.423301697 -0.013079890 0.999909818 -0.003040526 -0.280035675 0.071662620 0.003970381 0.997420967 59.514659882
0.997141480 0.010821507 -0.074777953 -80.478744507 -0.011179703 0.999927878 -0.004373173 -0.298404127 0.074725255 0.005196666 0.997190595 60.335975647
0.996900797 0.012884044 -0.077605978 -80.547531128 -0.013425490 0.999888957 -0.006459116 -0.320248395 0.077514149 0.007480995 0.996963143 61.157562256
0.996603906 0.014811383 -0.081000693 -80.623908997 -0.015665311 0.999828041 -0.009916911 -0.341761947 0.080839880 0.011152135 0.996664703 61.973789215
0.996260643 0.015621618 -0.084973864 -80.701980591 -0.016835332 0.999765992 -0.013585586 -0.356767535 0.084741741 0.014965351 0.996290565 62.789836884
0.995958447 0.017914794 -0.088010348 -80.782333374 -0.019503402 0.999661386 -0.017223507 -0.386581838 0.087671988 0.018870400 0.995970666 63.586376190
0.995620072 0.021782475 -0.090917803 -80.870269775 -0.023435457 0.999578178 -0.017153170 -0.416545331 0.090505809 0.019208739 0.995710671 64.390510559
0.995177925 0.025498729 -0.094713286 -80.952987671 -0.027080076 0.999513924 -0.015448363 -0.439646363 0.094273329 0.017938714 0.995384753 65.196403503
0.994712591 0.028313318 -0.098718099 -81.039901733 -0.029379651 0.999524474 -0.009364620 -0.465356410 0.098406009 0.012215408 0.995071352 65.998703003
0.994296968 0.028704472 -0.102711372 -81.130882263 -0.029243222 0.999565303 -0.003742987 -0.487739980 0.102559283 0.006725252 0.994704187 66.796096802
0.993761897 0.028495749 -0.107820459 -81.219482422 -0.028658068 0.999589264 0.000044049 -0.505004168 0.107777417 0.003046151 0.994170368 67.587081909
0.993058562 0.028155619 -0.114201732 -81.318031311 -0.028268322 0.999600232 0.000632763 -0.513603449 0.114173889 0.002599920 0.993457377 68.378379822
0.992471278 0.025163535 -0.119864076 -81.413436890 -0.024720026 0.999680877 0.005185786 -0.534391880 0.119956322 -0.002183701 0.992776752 69.159690857
0.991615236 0.026595782 -0.126458511 -81.520149231 -0.026251558 0.999645770 0.004388118 -0.543417573 0.126530409 -0.001031592 0.991962254 69.939514160
0.990689933 0.031532254 -0.132435247 -81.634910583 -0.031304520 0.999502659 0.003801891 -0.558149099 0.132489264 0.000379326 0.991184294 70.703987122
0.989830673 0.033466786 -0.138257816 -81.756179810 -0.033751439 0.999430180 0.000285757 -0.569827139 0.138188601 0.004383550 0.990396142 71.466842651
0.989014268 0.031455707 -0.144434467 -81.870216370 -0.032149412 0.999480009 -0.002470814 -0.586836040 0.144281656 0.007087153 0.989511311 72.229904175
0.988248944 0.033062130 -0.149234325 -82.000198364 -0.034004461 0.999414682 -0.003766534 -0.598248005 0.149022430 0.008796905 0.988794684 72.989883423
0.987427294 0.035594586 -0.154013947 -82.128921509 -0.035837341 0.999356985 0.001200649 -0.609197497 0.153957650 0.004333897 0.988067985 73.760887146
0.986452520 0.035699964 -0.160115466 -82.256462097 -0.035273287 0.999362528 0.005507221 -0.620414615 0.160209998 0.000215186 0.987082958 74.520263672
0.985434473 0.034748666 -0.166467518 -82.389991760 -0.033934563 0.999394059 0.007733218 -0.635902524 0.166635379 -0.001971577 0.986016631 75.280319214
0.984280586 0.032736231 -0.173551217 -82.523483276 -0.032562703 0.999462426 0.003847782 -0.642808199 0.173583850 0.001864000 0.984817326 76.017028809
0.982794940 0.030817633 -0.182110101 -82.670143127 -0.032009665 0.999481022 -0.003609301 -0.647287190 0.181904331 0.009376485 0.983271539 76.764572144
0.981150210 0.027784701 -0.191238716 -82.811264038 -0.029300302 0.999557555 -0.005101405 -0.662919104 0.191012353 0.010608596 0.981530309 77.493560791
0.979087591 0.027195867 -0.201613024 -82.976486206 -0.028055934 0.999605358 -0.001409055 -0.680739760 0.201495096 0.007036028 0.979464233 78.231758118
0.976752579 0.027197579 -0.212637529 -83.139030457 -0.026907325 0.999628782 0.004259287 -0.688238502 0.212674424 0.001561237 0.977122009 78.966041565
0.974098027 0.028852986 -0.224277943 -83.324066162 -0.026854329 0.999567807 0.011957329 -0.694761395 0.224526003 -0.005624776 0.974451900 79.700889587
0.971469104 0.030024149 -0.235258043 -83.502166748 -0.027122423 0.999511003 0.015561081 -0.702046037 0.235610202 -0.008736342 0.971808374 80.409820557
0.968424320 0.033145953 -0.247094393 -83.699356079 -0.031415723 0.999446392 0.010942598 -0.709865808 0.247320324 -0.002834429 0.968929589 81.121261597
0.965304613 0.033131883 -0.259016126 -83.898590088 -0.033828747 0.999426067 0.001767556 -0.715324521 0.258926034 0.007055960 0.965871453 81.814353943
0.962001324 0.030667463 -0.271317065 -84.103057861 -0.032660872 0.999462426 -0.002833669 -0.718058586 0.271084309 0.011587442 0.962485969 82.527503967
0.958782852 0.029418066 -0.282612771 -84.330604553 -0.029962782 0.999548137 0.002395409 -0.726264000 0.282555610 0.006171188 0.959231138 83.236602783
0.955161452 0.030859383 -0.294472724 -84.550018311 -0.029378405 0.999523580 0.009452708 -0.730295479 0.294624120 -0.000377723 0.955613077 83.957374573
0.951413989 0.030627858 -0.306387424 -84.791282654 -0.027443480 0.999515235 0.014696747 -0.734517813 0.306689054 -0.005574353 0.951793432 84.675964355
0.947204888 0.028309843 -0.319376707 -85.030975342 -0.025601007 0.999591827 0.012677473 -0.737000704 0.319605231 -0.003831799 0.947543025 85.379272461
0.943563581 0.026544733 -0.330125958 -85.290863037 -0.025025025 0.999647558 0.008853211 -0.749076962 0.330244631 -0.000092158 0.943895400 86.073974609
0.940555930 0.022415197 -0.338898182 -85.550613403 -0.023106558 0.999730885 0.001995154 -0.757306874 0.338851750 0.005954217 0.940820992 86.766685486
0.937661648 0.018764896 -0.347042829 -85.811286926 -0.021375760 0.999764681 -0.003696225 -0.766554475 0.346891850 0.010884113 0.937842011 87.468200684
0.934918642 0.018280335 -0.354391158 -86.081649780 -0.021646101 0.999750376 -0.005535039 -0.776391268 0.354201525 0.012845997 0.935081005 88.172348022
0.931858420 0.023818614 -0.362039447 -86.371582031 -0.027710712 0.999600530 -0.005561172 -0.794521809 0.361762345 0.015214597 0.932146192 88.868347168
0.928745389 0.023892492 -0.369947493 -86.654747009 -0.027027307 0.999629259 -0.003291954 -0.807653666 0.369731665 0.013056070 0.929046869 89.568672180
0.925737262 0.024542741 -0.377370000 -86.953430176 -0.024960600 0.999681294 0.003783983 -0.819380760 0.377342492 0.005916405 0.926054955 90.267776489
0.922919691 0.026395924 -0.384086609 -87.245750427 -0.023705417 0.999650061 0.011738217 -0.823161840 0.384262025 -0.001728498 0.923222423 90.971443176
0.920171499 0.036481924 -0.389812082 -87.567276001 -0.031657726 0.999322176 0.018795326 -0.833809853 0.390233487 -0.004954359 0.920702577 91.680084229
0.917370796 0.043410972 -0.395659477 -87.883956909 -0.040400431 0.999056399 0.015942594 -0.837017298 0.395978183 0.001359544 0.918258965 92.368698120
0.915208995 0.040062189 -0.400983214 -88.199554443 -0.040071499 0.999161899 0.008366458 -0.837945580 0.400982291 0.008410942 0.916047215 93.050750732
0.913271844 0.032340590 -0.406064808 -88.505889893 -0.035031028 0.999385953 0.000807461 -0.839798629 0.405841559 0.013487437 0.913843989 93.751426697
0.911424518 0.032803975 -0.410157681 -88.821403503 -0.035889730 0.999355733 0.000175704 -0.843276560 0.409899235 0.014560308 0.912014663 94.445068359
0.909321547 0.039661262 -0.414199561 -89.168846130 -0.041020840 0.999142528 0.005615918 -0.858493090 0.414067149 0.011884143 0.910168707 95.145614624
0.906764030 0.042026095 -0.419538647 -89.502044678 -0.041578982 0.999082983 0.010214159 -0.867228389 0.419583172 0.008182156 0.907679975 95.849632263
0.904543996 0.038506258 -0.424638003 -89.836997986 -0.038764469 0.999216080 0.008034859 -0.877224684 0.424614519 0.009192983 0.905327559 96.544647217
0.902169108 0.036637165 -0.429823935 -90.160491943 -0.039599106 0.999213517 0.002054948 -0.886890173 0.429561138 0.015166730 0.902910411 97.240684509
0.899932206 0.033748463 -0.434721589 -90.502029419 -0.039705068 0.999200821 -0.004624540 -0.891626716 0.434218109 0.021422425 0.900553048 97.931808472
0.897825241 0.034317374 -0.439012408 -90.866058350 -0.041317239 0.999125600 -0.006396859 -0.898245752 0.438408971 0.023882043 0.898458242 98.624755859
0.895752370 0.037090458 -0.443003416 -91.209503174 -0.042301200 0.999103248 -0.001883067 -0.913695574 0.442536265 0.020426340 0.896517932 99.319900513
0.893680930 0.039182909 -0.446988910 -91.569496155 -0.043464698 0.999054790 0.000676283 -0.930500269 0.446592867 0.018823856 0.894539297 100.010498047
0.891197026 0.039562490 -0.451887935 -91.919723511 -0.043777622 0.999040723 0.001128710 -0.940072834 0.451499075 0.018776678 0.892073989 100.695510864
0.889038920 0.037749961 -0.456272453 -92.269065857 -0.042156890 0.999110937 0.000520026 -0.955579937 0.455886424 0.018772708 0.889839947 101.363113403
0.886941552 0.035596788 -0.460507870 -92.618148804 -0.040182400 0.999192297 -0.000155047 -0.971001506 0.460130423 0.018641828 0.887655616 102.042343140
0.884852946 0.034965470 -0.464556307 -92.983741760 -0.039367050 0.999224842 0.000224525 -0.979953647 0.464204013 0.018089540 0.885543525 102.715843201
0.882501543 0.036664795 -0.468877912 -93.338729858 -0.041030213 0.999157608 0.000905744 -0.992227077 0.468516052 0.018438837 0.883262515 103.380249023
0.880142272 0.037043452 -0.473262399 -93.705314636 -0.041554939 0.999135792 0.000923759 -1.005082130 0.472887635 0.018853353 0.880920947 104.043701172
0.877723813 0.034070991 -0.477954060 -94.061203003 -0.040481344 0.999175370 -0.003114381 -1.017600894 0.477453858 0.022081783 0.878379285 104.697570801
0.875563920 0.030860357 -0.482115656 -94.428024292 -0.039221779 0.999204099 -0.007270826 -1.037070751 0.481507480 0.025275508 0.876077414 105.353889465
0.873425066 0.028726332 -0.486110628 -94.791198730 -0.038586970 0.999202311 -0.010284511 -1.046946287 0.485427439 0.027740287 0.873836756 106.000961304
0.871546924 0.031093480 -0.489325196 -95.157592773 -0.039253101 0.999208689 -0.006421175 -1.063070059 0.488738388 0.024803886 0.872077763 106.644561768
0.869606435 0.035092376 -0.492496759 -95.526702881 -0.038805019 0.999243259 0.002681688 -1.080161572 0.492218226 0.016779335 0.870310128 107.286705017
0.868203819 0.037026897 -0.494824350 -95.883911133 -0.035769455 0.999287784 0.012015069 -1.089291930 0.494916826 0.007268071 0.868909955 107.913780212
0.866963983 0.036417305 -0.497038484 -96.245231628 -0.032472793 0.999334991 0.016578900 -1.096470356 0.497311741 0.001766922 0.867570102 108.529190063
0.865205586 0.033541396 -0.500294149 -96.592254639 -0.029449522 0.999436975 0.016075784 -1.102748632 0.500551701 0.000824565 0.865706265 109.134780884
0.863481283 0.031778760 -0.503378630 -96.936317444 -0.029624423 0.999485612 0.012281575 -1.102243662 0.503510118 0.004307392 0.863978684 109.715171814
0.861924350 0.029941510 -0.506152034 -97.276687622 -0.029145831 0.999530077 0.009495057 -1.107476950 0.506198525 0.006568200 0.862392008 110.288314819
0.860155344 0.027521586 -0.509289026 -97.595108032 -0.026929727 0.999600887 0.008535138 -1.116844177 0.509320676 0.006373467 0.860553205 110.837745667
0.858876228 0.025708398 -0.511537552 -97.917533875 -0.025173699 0.999651313 0.007972706 -1.120279670 0.511564195 0.006029726 0.859223902 111.381126404
0.857604980 0.026313080 -0.513635218 -98.231788635 -0.025068421 0.999642015 0.009354599 -1.131109476 0.513697386 0.004853473 0.857957721 111.888206482
0.856455922 0.026195467 -0.515555084 -98.543853760 -0.024083380 0.999651790 0.010784483 -1.139407158 0.515658081 0.003179874 0.856788576 112.394073486
0.855123937 0.024628190 -0.517838240 -98.836807251 -0.022055196 0.999694884 0.011124608 -1.142203093 0.517954230 0.001908105 0.855406284 112.871940613
0.853533506 0.022870213 -0.520535946 -99.110900879 -0.019776026 0.999738336 0.011497241 -1.151977539 0.520662665 0.000480854 0.853762329 113.339653015
0.852555752 0.021857919 -0.522179008 -99.392189026 -0.019000979 0.999760807 0.010826352 -1.162477732 0.522290826 0.000691846 0.852767110 113.780097961
0.851443112 0.021994321 -0.523985505 -99.663497925 -0.021681361 0.999742329 0.006733400 -1.159684420 0.523998559 0.005627614 0.851700544 114.197006226
0.849625111 0.019319624 -0.527033150 -99.905433655 -0.020850794 0.999777973 0.003035807 -1.172944784 0.526974797 0.008409765 0.849839330 114.595695496
0.847489357 0.014896201 -0.530603349 -100.144271851 -0.017474016 0.999847293 0.000159970 -1.166448116 0.530524731 0.009136197 0.847620308 114.972541809
0.844821692 0.011347634 -0.534927666 -100.366119385 -0.012836887 0.999917150 0.000938094 -1.179836273 0.534894049 0.006074282 0.844897330 115.336441040
0.841212392 0.011835590 -0.540575266 -100.594810486 -0.013129841 0.999912679 0.001460611 -1.168244004 0.540545344 0.005868983 0.841294348 115.691810608
0.837635815 0.015985459 -0.545995116 -100.817306519 -0.016381474 0.999857247 0.004141920 -1.187303185 0.545983434 0.005474785 0.837778032 116.010330200
0.833894014 0.021999111 -0.551485956 -101.032577515 -0.020651735 0.999749243 0.008653417 -1.190835714 0.551538110 0.004173108 0.834139228 116.317642212
0.830115139 0.027247204 -0.556925893 -101.253204346 -0.022323467 0.999628544 0.015632311 -1.195048809 0.557144940 -0.000544103 0.830415070 116.616195679
0.825318635 0.028808400 -0.563931763 -101.442665100 -0.021403836 0.999576032 0.019738553 -1.198329687 0.564261317 -0.004220293 0.825585485 116.892463684
0.820129037 0.026154879 -0.571580410 -101.617919922 -0.017267436 0.999630988 0.020965910 -1.200936317 0.571918011 -0.007325026 0.820278049 117.140441895
0.813174069 0.024532206 -0.581503212 -101.796928406 -0.013936672 0.999645531 0.022683563 -1.211534262 0.581853688 -0.010341465 0.813227773 117.391593933
0.805129588 0.022371769 -0.592676818 -101.972312927 -0.010917677 0.999678075 0.022903582 -1.198689222 0.592998445 -0.011969699 0.805114627 117.600936890
0.794855714 0.022834349 -0.606368721 -102.141555786 -0.010603620 0.999661803 0.023745086 -1.198813200 0.606705904 -0.012444212 0.794828951 117.805679321
0.782536209 0.024448501 -0.622124910 -102.303855896 -0.012303946 0.999640882 0.023807818 -1.203854322 0.622483611 -0.010975890 0.782555938 117.990798950
0.768719733 0.023171619 -0.639165759 -102.469741821 -0.012273150 0.999693871 0.021480985 -1.208222151 0.639467835 -0.008668281 0.768768907 118.164772034
0.754437923 0.021190677 -0.656029224 -102.631103516 -0.013255806 0.999766767 0.017049622 -1.214913845 0.656237543 -0.004166687 0.754542828 118.311126709
0.739265084 0.017054807 -0.673198402 -102.784164429 -0.012527316 0.999854565 0.011573578 -1.211836338 0.673298001 -0.000122574 0.739371240 118.461738586
0.724261224 0.017514415 -0.689303219 -102.949241638 -0.016643617 0.999830127 0.007916856 -1.212018371 0.689324856 0.005738627 0.724429727 118.595130920
0.708407700 0.021741610 -0.705468476 -103.094993591 -0.024328813 0.999683678 0.006378764 -1.210983634 0.705384016 0.012644449 0.708712578 118.711364746
0.691196144 0.023336548 -0.722290277 -103.259437561 -0.026646711 0.999621868 0.006797289 -1.208702207 0.722175837 0.014548403 0.691556513 118.839607239
0.672534645 0.021646386 -0.739748955 -103.428955078 -0.023801414 0.999687731 0.007613863 -1.198149681 0.739682794 0.012486489 0.672839880 118.974288940
0.652164996 0.020777268 -0.757792234 -103.594215393 -0.020833364 0.999737978 0.009481532 -1.196150064 0.757790625 0.009603836 0.652427137 119.105316162
0.630265057 0.022490639 -0.776054084 -103.770370483 -0.020692468 0.999711931 0.012167218 -1.193231225 0.776104033 0.008389903 0.630548954 119.218978882
0.606236339 0.027038416 -0.794824660 -103.953506470 -0.023950500 0.999589324 0.015736360 -1.190073013 0.794923842 0.009496497 0.606634974 119.324440002
0.581244111 0.031134501 -0.813133359 -104.133857727 -0.025964677 0.999468565 0.019709114 -1.187560320 0.813314855 0.009656938 0.581743717 119.430976868
0.555536330 0.033984657 -0.830797374 -104.323089600 -0.027608892 0.999367356 0.022418723 -1.184314251 0.831033707 0.010482982 0.556123197 119.534400940
0.531785190 0.037630249 -0.846042812 -104.511657715 -0.031076575 0.999206483 0.024909295 -1.183072805 0.846308887 0.013045716 0.532532692 119.590530396
0.505126894 0.041909829 -0.862026930 -104.703033447 -0.035025280 0.998992801 0.028044844 -1.181492329 0.862334132 0.016026534 0.506086111 119.665679932
0.476781309 0.045318563 -0.877852917 -104.899597168 -0.036739975 0.998824775 0.031609353 -1.186059952 0.878253818 0.017181545 0.477886081 119.747848511
0.447150409 0.044720042 -0.893340170 -105.095756531 -0.035732448 0.998845100 0.032116123 -1.182851315 0.893744707 0.017560493 0.448231995 119.818267822
0.415279061 0.042047005 -0.908721924 -105.294044495 -0.035068225 0.998928607 0.030195003 -1.188428402 0.909017861 0.019327912 0.416308731 119.877563477
0.381614268 0.038272865 -0.923528910 -105.512886047 -0.034371462 0.999038935 0.027199406 -1.188253880 0.923682392 0.021363353 0.382563055 119.930664062
0.343448073 0.036909610 -0.938446045 -105.740577698 -0.033549078 0.999071896 0.027015915 -1.191097498 0.938572288 0.022205437 0.344367653 119.978713989
0.301385224 0.035606712 -0.952837348 -105.998123169 -0.032844294 0.999097109 0.026946656 -1.180955887 0.952936590 0.023173943 0.302282631 120.040832520
0.257784873 0.034115236 -0.965599895 -106.274246216 -0.031073779 0.999152184 0.027004942 -1.176702976 0.965702534 0.023043374 0.258626342 120.081092834
0.210378453 0.031129507 -0.977124274 -106.582237244 -0.028765786 0.999257267 0.025641244 -1.162749529 0.977196753 0.022713382 0.211117595 120.118659973
0.161305100 0.029139332 -0.986474335 -106.900016785 -0.027061120 0.999318898 0.025093794 -1.151603699 0.986533463 0.022647344 0.161983758 120.135139465
0.112062380 0.029083805 -0.993275404 -107.235404968 -0.026110645 0.999312699 0.026314743 -1.141469479 0.993358076 0.022986175 0.112744734 120.124938965
0.059383869 0.030291507 -0.997775555 -107.588455200 -0.023996755 0.999294043 0.028909406 -1.131901026 0.997946739 0.022226624 0.060068786 120.116706848
0.006049410 0.032487303 -0.999453843 -107.927162170 -0.020162569 0.999272943 0.032359388 -1.119907379 0.999778390 0.019955801 0.006700039 120.089813232
-0.047139570 0.035183571 -0.998268485 -108.283195496 -0.015844341 0.999227464 0.035965558 -1.117859602 0.998762608 0.017512310 -0.046545669 120.033958435
-0.100342527 0.037235923 -0.994255960 -108.640121460 -0.010316506 0.999206781 0.038462505 -1.107167482 0.994899452 0.014116672 -0.099878788 119.960868835
-0.154021680 0.038505476 -0.987316847 -109.034622192 -0.006819164 0.999175072 0.040031742 -1.090216875 0.988043904 0.012898431 -0.153632045 119.872444153
-0.205710426 0.039638784 -0.977809727 -109.444885254 -0.003312028 0.999145389 0.041200478 -1.070114613 0.978607297 0.011713901 -0.205403328 119.757919312
-0.252968073 0.041492075 -0.966584504 -109.862594604 -0.000242639 0.999077201 0.042950377 -1.059552193 0.967474580 0.011099608 -0.252724588 119.592468262
-0.301359713 0.043057930 -0.952537835 -110.277191162 0.005566712 0.999042273 0.043398924 -1.041635036 0.953494310 0.007776181 -0.301310778 119.429100037
-0.349495143 0.043122534 -0.935945272 -110.692039490 0.010079938 0.999055505 0.042266268 -1.012504101 0.936883926 0.005337586 -0.349599749 119.262176514
-0.393795729 0.044891350 -0.918101072 -111.123985291 0.015672894 0.998989403 0.042123970 -0.993979454 0.919064343 0.002198937 -0.394101411 119.046012878
-0.435989380 0.047277231 -0.898709118 -111.572463989 0.020590050 0.998881698 0.042558059 -0.982078552 0.899716258 0.000050394 -0.436475277 118.804153442
-0.474592626 0.047832370 -0.878904939 -112.011352539 0.023398982 0.998855054 0.041725360 -0.959061146 0.879894495 -0.000762935 -0.475168437 118.541351318
-0.508961201 0.048703823 -0.859410405 -112.471649170 0.025377888 0.998813033 0.041574601 -0.940394759 0.860415280 -0.000650165 -0.509593129 118.247337341
-0.536705017 0.048188068 -0.842392683 -112.919631958 0.025564441 0.998838246 0.040849727 -0.923563957 0.843382537 0.000388954 -0.537313402 117.916740417
-0.559675753 0.046950083 -0.827380598 -113.396911621 0.024548285 0.998894989 0.040077224 -0.906771541 0.828348041 0.002119481 -0.560209930 117.569824219
-0.576691389 0.044967115 -0.815723658 -113.861907959 0.023166863 0.998982489 0.038691096 -0.883325458 0.816633701 0.003415064 -0.577146351 117.216445923
-0.590496540 0.044513166 -0.805811584 -114.352935791 0.022435570 0.998997211 0.038744047 -0.862610340 0.806728303 0.004799386 -0.590903103 116.836143494
-0.601456165 0.045357075 -0.797617257 -114.864242554 0.023738151 0.998960733 0.038906489 -0.838593185 0.798553109 0.004466591 -0.601907790 116.439163208
-0.611186683 0.046863165 -0.790097892 -115.378044128 0.025062189 0.998890877 0.039860275 -0.824683189 0.791089594 0.004560483 -0.611683309 116.036422729
-0.619119227 0.048237756 -0.783814132 -115.903854370 0.026526233 0.998826623 0.040517598 -0.804684758 0.784848928 0.004293588 -0.619672358 115.617156982
-0.625423789 0.048241522 -0.778792560 -116.441154480 0.025703853 0.998819053 0.041228890 -0.783698440 0.779861867 0.005767558 -0.625925183 115.174835205
-0.631140351 0.048507337 -0.774150550 -116.995223999 0.025685275 0.998802245 0.041643359 -0.765035272 0.775243282 0.006398532 -0.631630242 114.723747253
-0.635508299 0.048603438 -0.770562828 -117.549774170 0.025727673 0.998795450 0.041780815 -0.738954127 0.771665335 0.006727265 -0.635993183 114.258972168
-0.638825715 0.049539074 -0.767754972 -118.122276306 0.026963687 0.998753309 0.042008486 -0.710489869 0.768878996 0.006134595 -0.639365017 113.777137756
-0.641103029 0.050380632 -0.765799344 -118.702087402 0.027939133 0.998713553 0.042313904 -0.685985684 0.766946077 0.005731797 -0.641685963 113.297233582
-0.642242968 0.051156741 -0.764791965 -119.304962158 0.028796723 0.998676240 0.042618811 -0.661409378 0.765959859 0.005348138 -0.642866194 112.796791077
-0.642613530 0.050528876 -0.764522493 -119.900215149 0.028709728 0.998710334 0.041875087 -0.633979261 0.765652418 0.004960265 -0.643235326 112.281242371
-0.643265069 0.050332550 -0.763987303 -120.520927429 0.029395930 0.998724639 0.041046478 -0.609846890 0.765078902 0.003945655 -0.643924415 111.748970032
-0.643770337 0.049307674 -0.763628364 -121.155433655 0.028997013 0.998777032 0.040045585 -0.587247968 0.764669120 0.003637217 -0.644412756 111.210708618
-0.644524872 0.050171215 -0.762935340 -121.794967651 0.029482985 0.998733521 0.040770359 -0.558411419 0.764014542 0.003783901 -0.645187855 110.669090271
-0.644952416 0.051352106 -0.762495458 -122.445800781 0.028325047 0.998660564 0.043298639 -0.531951010 0.763697565 0.006327835 -0.645543098 110.106811523
-0.645932794 0.052428126 -0.761591792 -123.091697693 0.027357800 0.998587906 0.045539867 -0.508351207 0.762903869 0.008580216 -0.646454930 109.558502197
-0.646750510 0.053124785 -0.760849237 -123.775787354 0.028374905 0.998556614 0.045602489 -0.483479500 0.762173593 0.007904410 -0.647324383 108.970970154
-0.647447824 0.052074365 -0.760328591 -124.444229126 0.029073030 0.998624325 0.043638296 -0.452860236 0.761554956 0.006148470 -0.648071051 108.396949768
-0.647897065 0.051700916 -0.759971321 -125.134841919 0.030302573 0.998653591 0.042104688 -0.421965003 0.761124790 0.004250428 -0.648591459 107.801193237
-0.648558736 0.052429192 -0.759356618 -125.828025818 0.031762660 0.998620152 0.041820779 -0.393868923 0.760501504 0.003004040 -0.649329305 107.208007812
-0.649343848 0.053620785 -0.758602262 -126.536834717 0.034288477 0.998561144 0.041231908 -0.368587255 0.759721518 0.000762364 -0.650248110 106.608032227
-0.650027871 0.051544063 -0.758160174 -127.244178772 0.034028202 0.998670518 0.038720377 -0.343150854 0.759148061 -0.000629510 -0.650917709 105.984283447
-0.651656985 0.047851764 -0.757003009 -127.953186035 0.033709344 0.998849034 0.034121096 -0.313458860 0.757764399 -0.003282814 -0.652519882 105.374145508
-0.652413249 0.044062924 -0.756581426 -128.680603027 0.032033972 0.999019504 0.030558947 -0.291434407 0.757186174 -0.004299244 -0.653185010 104.739044189
-0.652157903 0.041390393 -0.756952405 -129.403427124 0.029107215 0.999139249 0.029555712 -0.267572522 0.757524192 -0.002757786 -0.652801275 104.096839905
-0.652367592 0.042015344 -0.756737292 -130.146774292 0.027939998 0.999116719 0.031386174 -0.251320302 0.757387578 -0.000667917 -0.652965188 103.450744629
-0.652135491 0.043677457 -0.756843150 -130.889450073 0.027196329 0.999044120 0.034221131 -0.233888507 0.757614434 0.001733460 -0.652700067 102.800605774
-0.652188063 0.045923442 -0.756664932 -131.631637573 0.027786709 0.998940825 0.036677580 -0.215435147 0.757547796 0.002895450 -0.652773261 102.151535034
-0.652267218 0.048521295 -0.756434500 -132.371612549 0.029356420 0.998817384 0.038755096 -0.196440220 0.757420361 0.003072472 -0.652920306 101.507568359
-0.652951479 0.049929716 -0.755752206 -133.149017334 0.030314835 0.998748004 0.039792258 -0.173764944 0.756792784 0.003071908 -0.653647602 100.850517273
-0.652775645 0.050572116 -0.755861342 -133.891983032 0.030743878 0.998715758 0.040269706 -0.151741147 0.756927133 0.003048971 -0.653492153 100.200805664
-0.653080404 0.050168887 -0.755624950 -134.622863770 0.029471949 0.998731196 0.040837284 -0.128889918 0.756714880 0.004400284 -0.653730214 99.557296753
-0.653097808 0.050646354 -0.755577981 -135.375381470 0.029468073 0.998705029 0.041471865 -0.102238894 0.756700039 0.004819761 -0.653744459 98.904541016
-0.653300881 0.051579040 -0.755339324 -136.118026733 0.029207153 0.998650968 0.042932227 -0.074364066 0.756534755 0.005986350 -0.653926075 98.246414185
-0.653655887 0.052712221 -0.754953921 -136.870010376 0.029462185 0.998587549 0.044214141 -0.050463676 0.756218195 0.006658237 -0.654285669 97.596954346
-0.654050529 0.051732704 -0.754679799 -137.610519409 0.029036503 0.998640478 0.043291245 -0.022119999 0.755893409 0.006401397 -0.654663444 96.943695068
-0.654553771 0.052765738 -0.754171789 -138.356994629 0.031344078 0.998597682 0.042663164 0.004575968 0.755365431 0.004286520 -0.655289829 96.289131165
-0.655504584 0.052291751 -0.753378570 -139.098648071 0.031717673 0.998625815 0.041717160 0.033118725 0.754524827 0.003450378 -0.656262517 95.640304565
-0.656657577 0.053244948 -0.752306998 -139.841842651 0.032843243 0.998577356 0.042007353 0.054780722 0.753473401 0.002876247 -0.657472193 95.003356934
-0.657068551 0.052347250 -0.752011001 -140.575683594 0.031693205 0.998622298 0.041821882 0.076500416 0.753164291 0.003646214 -0.657822311 94.335716248
-0.657771289 0.051602796 -0.751447976 -141.309722900 0.031225136 0.998660982 0.041246638 0.099269629 0.752570271 0.003666789 -0.658501804 93.688240051
-0.658324242 0.050431706 -0.751043081 -142.048690796 0.030418502 0.998720467 0.040399741 0.117686868 0.752119601 0.003750529 -0.659016073 93.030700684
-0.658619404 0.050099038 -0.750806630 -142.779449463 0.030273587 0.998737514 0.040086243 0.147086859 0.751866996 0.003671969 -0.659304559 92.392478943
-0.658559322 0.048161913 -0.750986099 -143.508468628 0.026654966 0.998816609 0.040681228 0.168843508 0.752056658 0.006773488 -0.659063637 91.739578247
-0.657685995 0.047237154 -0.751809716 -144.238708496 0.025532547 0.998856366 0.040423438 0.194175124 0.752859414 0.007390305 -0.658139825 91.086776733
-0.656845510 0.045997743 -0.752620757 -144.988037109 0.024799213 0.998915434 0.039407093 0.213150859 0.753617108 0.007219970 -0.657273829 90.419555664
-0.655873418 0.043749355 -0.753602087 -145.730224609 0.023214666 0.999015927 0.037792392 0.237837315 0.754513741 0.007292403 -0.656243622 89.770324707
-0.654537976 0.044640865 -0.754710019 -146.465560913 0.024325224 0.998981893 0.037992913 0.259876966 0.755637705 0.006509311 -0.654957473 89.137008667
-0.653330564 0.046991047 -0.755612910 -147.201324463 0.025659550 0.998872817 0.039933033 0.282050610 0.756637752 0.006700785 -0.653799951 88.494918823
-0.652438343 0.052699674 -0.756007254 -147.956787109 0.028380539 0.998578489 0.045116246 0.306825638 0.757310212 0.007979681 -0.653006554 87.842422485
-0.651824951 0.059908181 -0.755999565 -148.705841064 0.031578530 0.998154521 0.051870324 0.336162806 0.757711649 0.009937014 -0.652513742 87.200149536
-0.651310802 0.061581921 -0.756308079 -149.438598633 0.032022089 0.998044074 0.053688627 0.363922834 0.758135080 0.010749426 -0.652008951 86.569511414
-0.651105046 0.058133423 -0.756758094 -150.173339844 0.032153383 0.998279870 0.049022552 0.400208712 0.758306205 0.007586496 -0.651854336 85.928466797
-0.651127994 0.053867865 -0.757053912 -150.908905029 0.031384308 0.998535931 0.044057366 0.430394411 0.758318782 0.004927361 -0.651865244 85.290695190
-0.651098788 0.054384004 -0.757042110 -151.650604248 0.032107398 0.998510301 0.044116307 0.458629847 0.758313596 0.004417420 -0.651874959 84.650146484
-0.651331723 0.056135040 -0.756713808 -152.390121460 0.031334639 0.998398900 0.047092993 0.486801624 0.758145809 0.006961807 -0.652047932 84.009017944
-0.651334226 0.057775136 -0.756588221 -153.121963501 0.032223135 0.998303533 0.048492827 0.515680313 0.758106470 0.007205393 -0.652091026 83.370445251
-0.651899278 0.058156379 -0.756072164 -153.862075806 0.033698235 0.998291492 0.047732435 0.534977913 0.757556379 0.005638449 -0.652745366 82.733070374
-0.652417779 0.056679986 -0.755737007 -154.582565308 0.033707559 0.998382688 0.045779042 0.565826178 0.757109523 0.004393009 -0.653273165 82.106918335
-0.652890027 0.057413898 -0.755273640 -155.301254272 0.033122391 0.998333335 0.047258291 0.591384172 0.756728172 0.005837995 -0.653703511 81.469985962
-0.653939128 0.060511675 -0.754123271 -156.046569824 0.033535853 0.998134851 0.051010769 0.624409914 0.755803347 0.008067772 -0.654748797 80.833786011
-0.654224277 0.063635699 -0.753618658 -156.777435303 0.034853306 0.997931957 0.054009043 0.656159401 0.755496919 0.009067927 -0.655089319 80.198348999
-0.654714465 0.064119115 -0.753151774 -157.488418579 0.035266761 0.997901797 0.054298375 0.689984798 0.755052924 0.008988718 -0.655602098 79.568817139
-0.655016303 0.063534111 -0.752938926 -158.200012207 0.036269642 0.997953773 0.052656207 0.723685741 0.754743695 0.007181851 -0.655980468 78.938491821
-0.655827940 0.062955387 -0.752280653 -158.913055420 0.037288256 0.998001814 0.051011406 0.752069712 0.753988802 0.005403471 -0.656864941 78.314567566
-0.656040192 0.060785498 -0.752274036 -159.629547119 0.035411797 0.998132706 0.049769681 0.787537575 0.753894687 0.006011530 -0.656967759 77.688796997
-0.655243099 0.059196949 -0.753095090 -160.327072144 0.033129506 0.998217702 0.049639892 0.808080196 0.754691303 0.007576526 -0.656036317 77.064880371
-0.654856205 0.057839762 -0.753536880 -161.036270142 0.031965554 0.998294652 0.048847362 0.844330549 0.755077183 0.007900772 -0.655588269 76.440551758
-0.654122949 0.056629609 -0.754265487 -161.730010986 0.029624280 0.998346329 0.049263891 0.865976095 0.755807877 0.009880070 -0.654718757 75.822113037
-0.653759778 0.056377843 -0.754599094 -162.444427490 0.028275980 0.998344302 0.050091241 0.894206524 0.756173730 0.011410604 -0.654271424 75.207389832
-0.653382480 0.056800034 -0.754894137 -163.148788452 0.029216006 0.998330355 0.049829476 0.923520565 0.756464005 0.010502711 -0.653950989 74.589797974
-0.653089643 0.055663221 -0.755232155 -163.852447510 0.028998053 0.998401761 0.048509497 0.953397751 0.756725192 0.009780788 -0.653659940 73.981628418
-0.652185142 0.054450195 -0.756101668 -164.537384033 0.028242471 0.998469830 0.047543284 0.974972963 0.757533431 0.009652847 -0.652724981 73.365974426
-0.651938617 0.054780066 -0.756290436 -165.244308472 0.029442310 0.998463571 0.046941396 1.008470058 0.757699966 0.008335977 -0.652549803 72.759353638
-0.651219249 0.058176905 -0.756656408 -165.940551758 0.032805860 0.998283327 0.048520338 1.035992861 0.758180261 0.006774610 -0.652009845 72.159004211
-0.651001036 0.058670294 -0.756806135 -166.635284424 0.033308521 0.998256087 0.048736524 1.059165716 0.758345783 0.006519426 -0.651820004 71.562484741
-0.650444567 0.056776419 -0.757428765 -167.325775146 0.032911718 0.998372495 0.046574380 1.083550692 0.758840382 0.005365768 -0.651254535 70.958183289
-0.649965644 0.054740839 -0.757989407 -168.014129639 0.034017757 0.998498321 0.042940248 1.105633974 0.759201825 0.002124577 -0.650851727 70.363586426
-0.649248540 0.053087652 -0.758721292 -168.696197510 0.033921499 0.998589575 0.040844094 1.129812956 0.759819508 0.000781009 -0.650133610 69.775238037
-0.648713171 0.052291676 -0.759234369 -169.372695923 0.031184969 0.998625159 0.042134129 1.148591280 0.760393798 0.003656266 -0.649451971 69.185241699
-0.648523092 0.052861352 -0.759357214 -170.045654297 0.030916458 0.998591721 0.043111298 1.169338703 0.760566711 0.004482033 -0.649244189 68.603866577
-0.648446381 0.052859236 -0.759422839 -170.713775635 0.030976875 0.998592198 0.043056354 1.186610937 0.760629833 0.004395189 -0.649170935 68.028114319
-0.648598075 0.052266233 -0.759334326 -171.359542847 0.030847631 0.998624861 0.042387974 1.203790426 0.760505736 0.004069093 -0.649318576 67.473937988
-0.648438752 0.052200086 -0.759474993 -172.004684448 0.031013545 0.998629391 0.042158294 1.225046396 0.760634720 0.003783061 -0.649169028 66.920295715
-0.648542821 0.051925521 -0.759404957 -172.638824463 0.030602662 0.998642504 0.042148657 1.239084482 0.760562718 0.004095389 -0.649251521 66.375396729
-0.648433864 0.051475372 -0.759528637 -173.263961792 0.029515112 0.998661041 0.042484041 1.257034779 0.760698438 0.005130519 -0.649084985 65.831825256
-0.648624182 0.050963063 -0.759400725 -173.883789062 0.029090425 0.998686671 0.042174540 1.277223587 0.760552704 0.005264135 -0.649254858 65.299911499
-0.648840725 0.052448433 -0.759114563 -174.494857788 0.030206950 0.998610675 0.043176707 1.294651270 0.760324478 0.005084273 -0.649523556 64.774520874
-0.648966789 0.053595323 -0.758926690 -175.106719971 0.030192185 0.998544157 0.044699412 1.319282055 0.760217309 0.006094775 -0.649640083 64.246681213
-0.649210274 0.055800289 -0.758559346 -175.709930420 0.030652629 0.998414457 0.047210317 1.338042259 0.759991050 0.007397576 -0.649891436 63.733833313
-0.648925960 0.057440370 -0.758680224 -176.290496826 0.031287633 0.998317242 0.048822097 1.356799126 0.760207951 0.007944617 -0.649631202 63.223796844
-0.649429083 0.059711304 -0.758074164 -176.874542236 0.033354230 0.998189569 0.050050497 1.378959179 0.759690344 0.007219262 -0.650244951 62.728199005
-0.649831891 0.061832450 -0.757558763 -177.438964844 0.035664961 0.998068273 0.050869692 1.398686409 0.759240746 0.006038444 -0.650781870 62.245639801
-0.650196731 0.062176805 -0.757217407 -177.994735718 0.036523465 0.998051405 0.050590761 1.422238827 0.758887410 0.005237745 -0.651200712 61.763988495
-0.651128113 0.062390309 -0.756399095 -178.534881592 0.036284901 0.998034894 0.051086232 1.443885803 0.758099973 0.005817819 -0.652112365 61.294090271
-0.652077377 0.063560948 -0.755483329 -179.062347412 0.038130011 0.997967839 0.051050860 1.461690903 0.757192969 0.004482518 -0.653175890 60.839519501
-0.654072464 0.063684858 -0.753746152 -179.579315186 0.039933316 0.997967124 0.049666740 1.479438782 0.755377114 0.002386063 -0.655286133 60.388401031
-0.657321751 0.064581580 -0.750837684 -180.081192017 0.042985868 0.997912228 0.048201106 1.499146938 0.752383053 -0.000591780 -0.658725560 59.945735931
-0.662547827 0.066212788 -0.746087313 -180.567321777 0.046215314 0.997801125 0.047510967 1.515317440 0.747592509 -0.003002373 -0.664150894 59.505043030
-0.669821680 0.067278355 -0.739467740 -181.035400391 0.048387058 0.997724771 0.046945374 1.536261559 0.740943730 -0.004335638 -0.671553135 59.064308167
-0.678602219 0.070132792 -0.731150031 -181.502105713 0.052158408 0.997519314 0.047273483 1.546899319 0.732651711 -0.006055732 -0.680576801 58.632587433
-0.688724756 0.071863905 -0.721452594 -181.954833984 0.054464683 0.997392118 0.047356296 1.560124397 0.722974241 -0.006678235 -0.690842748 58.197677612
-0.700662971 0.074519128 -0.709590256 -182.392181396 0.058264066 0.997185230 0.047190487 1.575657845 0.711109519 -0.008278988 -0.703032494 57.761390686
-0.714487791 0.077176556 -0.695378363 -182.812408447 0.062883332 0.996958613 0.046036024 1.596240520 0.696816206 -0.010835530 -0.717167914 57.325794220
-0.730034351 0.079868659 -0.678727388 -183.205535889 0.066963077 0.996728182 0.045264110 1.609389544 0.680121899 -0.012405326 -0.732994080 56.880687714
-0.748089015 0.081113122 -0.658622444 -183.594924927 0.068915688 0.996631086 0.044463709 1.632260561 0.660010219 -0.012126603 -0.751158774 56.432212830
-0.767359316 0.080442205 -0.636151552 -183.950027466 0.067385219 0.996722698 0.044753339 1.640454054 0.637666762 -0.008525323 -0.770265162 55.969074249
-0.787062109 0.078956358 -0.611799955 -184.266204834 0.065141767 0.996867597 0.044848688 1.654623747 0.613424659 -0.004555035 -0.789740145 55.512256622
-0.807550907 0.077007525 -0.584749162 -184.544235229 0.062781103 0.997030199 0.044600174 1.666978359 0.586447239 -0.000694290 -0.809987187 55.067115784
-0.829406202 0.075862065 -0.553471088 -184.824401855 0.061538309 0.997114420 0.044452004 1.675222635 0.555246294 0.002809094 -0.831681311 54.602462769
-0.851169527 0.077328429 -0.519163489 -185.060760498 0.063309260 0.996992111 0.044704471 1.687731028 0.521058798 0.005183229 -0.853505015 54.132366180
-0.874112070 0.073202625 -0.480176657 -185.273132324 0.059590336 0.997272253 0.043555461 1.692712545 0.482055247 0.009458474 -0.876089811 53.666469574
-0.895711422 0.065826677 -0.439736307 -185.427993774 0.052843127 0.997730970 0.041718476 1.679429889 0.441484690 0.014130680 -0.897157550 53.234176636
-0.916233063 0.054162726 -0.396967709 -185.579193115 0.042876907 0.998385370 0.037257526 1.696545839 0.398344725 0.017115822 -0.917076051 52.800720215
-0.933601379 0.046143942 -0.355329752 -185.698120117 0.035962965 0.998732686 0.035207849 1.683948278 0.356504023 0.020091383 -0.934077740 52.327140808
-0.949836910 0.038796812 -0.310330063 -185.795684814 0.030683435 0.999048710 0.030985231 1.676171541 0.311237007 0.019908918 -0.950123727 51.897804260
-0.964419425 0.037226461 -0.261742890 -185.904006958 0.030940833 0.999126315 0.028096251 1.684885621 0.262560040 0.018998025 -0.964728594 51.506175995
-0.976795495 0.033732630 -0.211500823 -185.988388062 0.028836360 0.999240875 0.026192820 1.703554749 0.212223828 0.019486113 -0.977026701 50.943096161
-0.986207783 0.033898473 -0.162003309 -186.046386719 0.029905785 0.999187350 0.027021743 1.710273266 0.162787676 0.021804221 -0.986420155 50.449264526
-0.993461192 0.026069805 -0.111153871 -186.064590454 0.022895882 0.999295473 0.029735973 1.715651512 0.111850783 0.026996568 -0.993358195 49.969390869
-0.998058140 0.016125243 -0.060165867 -186.055633545 0.014094945 0.999321818 0.034018196 1.725838661 0.060673594 0.033104107 -0.997608542 49.473320007
-0.999875188 0.012732524 -0.009353012 -186.000473022 0.012378791 0.999240518 0.036950864 1.728435397 0.009816363 0.036830470 -0.999273360 49.018833160
-0.998952389 0.016208252 0.042794570 -185.955078125 0.017710663 0.999231577 0.034964994 1.741875410 -0.042194966 0.035686284 -0.998471856 48.567474365
-0.995270431 0.023794293 0.094182931 -185.888168335 0.026990086 0.999097347 0.032804459 1.744401217 -0.093317360 0.035191320 -0.995014250 48.100440979
-0.988924861 0.027302098 0.145884201 -185.803131104 0.031891804 0.999064386 0.029215317 1.748621464 -0.144950077 0.033544268 -0.988870144 47.648330688
-0.980238914 0.028109429 0.195809618 -185.681289673 0.033931270 0.999074399 0.026440725 1.748663902 -0.194885150 0.032562301 -0.980285406 47.216938019
-0.969183624 0.027767647 0.244769379 -185.542800903 0.034574095 0.999124467 0.023554070 1.748700142 -0.243901059 0.031290896 -0.969295204 46.793464661
-0.955273569 0.029106362 0.294287652 -185.388214111 0.036659546 0.999123991 0.020181064 1.762402177 -0.293442458 0.030066889 -0.955503821 46.385120392
-0.939074337 0.032896060 0.342136204 -185.206344604 0.041601170 0.998969734 0.018134387 1.775438190 -0.341187119 0.031262811 -0.939475298 45.972816467
-0.921565413 0.035467695 0.386599571 -185.010726929 0.045193665 0.998848617 0.016094344 1.775088549 -0.385583639 0.032303847 -0.922107220 45.564254761
-0.903793514 0.029540271 0.426948100 -184.773406982 0.040555764 0.999037147 0.016728511 1.781166792 -0.426042885 0.032434322 -0.904121399 45.170589447
-0.885171056 0.024606947 0.464614749 -184.522583008 0.038413886 0.999056220 0.020273004 1.782181025 -0.463677466 0.035792731 -0.885280907 44.772415161
-0.866615593 0.025120148 0.498343587 -184.276992798 0.042263288 0.998838365 0.023146801 1.784379959 -0.497183293 0.041121017 -0.866670549 44.377990723
-0.849583030 0.027125699 0.526757121 -184.007873535 0.047291532 0.998571992 0.024852285 1.781309843 -0.525330782 0.046025228 -0.849652469 43.986022949
-0.833226442 0.025699113 0.552334368 -183.729690552 0.047329377 0.998567939 0.024937388 1.785736561 -0.550902545 0.046920128 -0.833249569 43.593391418
-0.818933725 0.023408119 0.573410511 -183.436416626 0.046138480 0.998619080 0.025127847 1.790042639 -0.572030365 0.047034338 -0.818882763 43.219093323
-0.806352973 0.022067912 0.591022730 -183.131561279 0.044902358 0.998703659 0.023971740 1.794412851 -0.589727581 0.045867991 -0.806298614 42.834419250
-0.796401262 0.020715216 0.604413569 -182.816101074 0.043786034 0.998765409 0.023463437 1.796857357 -0.603181303 0.045151189 -0.796325028 42.448936462
-0.788072526 0.019961042 0.615258813 -182.500305176 0.042596623 0.998846650 0.022155231 1.799282551 -0.614107013 0.043667872 -0.788013816 42.062934875
-0.781218052 0.018561726 0.623982251 -182.174621582 0.040655494 0.998948634 0.021184253 1.801738262 -0.622932971 0.041917827 -0.781151354 41.670738220
-0.775958240 0.018106131 0.630524397 -181.836944580 0.038426645 0.999088287 0.018600153 1.803921700 -0.629612744 0.038661875 -0.775946617 41.280845642
-0.771221101 0.019195925 0.636277735 -181.499511719 0.039004412 0.999092102 0.017134862 1.806392193 -0.635371268 0.038032409 -0.771269798 40.871963501
-0.767405331 0.020821050 0.640824080 -181.158355713 0.040871333 0.999028385 0.016485108 1.811453342 -0.639858365 0.038842097 -0.767510772 40.454322815
-0.764939487 0.023268159 0.643681884 -180.797500610 0.043956637 0.998903215 0.016128348 1.810128689 -0.642600536 0.040631291 -0.765123188 40.035308838
-0.762621522 0.022321930 0.646459699 -180.432525635 0.041572064 0.999029577 0.014546136 1.811899900 -0.645507455 0.037967864 -0.762809515 39.611938477
-0.761174023 0.019864483 0.648243427 -180.046600342 0.037584636 0.999202073 0.013513158 1.808542848 -0.647457778 0.034649860 -0.761313260 39.182006836
-0.760395527 0.017190963 0.649232626 -179.654724121 0.034177799 0.999323606 0.013568811 1.813598037 -0.648560226 0.032507006 -0.760468841 38.742141724
-0.759568334 0.018920630 0.650152266 -179.267333984 0.037361566 0.999195576 0.014570834 1.817691803 -0.649353564 0.035358258 -0.759664237 38.282989502
-0.759731770 0.022662038 0.649841487 -178.869583130 0.042329069 0.998996317 0.014648880 1.818554163 -0.648857296 0.038636405 -0.759928524 37.809936523
-0.760337830 0.023530770 0.649101317 -178.457901001 0.042584732 0.998999357 0.013667449 1.817118287 -0.648130298 0.038033687 -0.760579169 37.332466125
-0.760663927 0.022779826 0.648746073 -178.036651611 0.038146518 0.999225616 0.009640896 1.817271113 -0.648024082 0.032080885 -0.760943830 36.856071472
-0.760570765 0.025941858 0.648736477 -177.611511230 0.036622830 0.999324739 0.002974890 1.817665935 -0.648221195 0.026021184 -0.761007249 36.355743408
-0.761153281 0.028466059 0.647947192 -177.165344238 0.036248293 0.999341965 -0.001322377 1.817093492 -0.647558451 0.022480449 -0.761684120 35.840652466
-0.761474013 0.030290257 0.647487342 -176.715515137 0.038497947 0.999257624 -0.001471198 1.814554691 -0.647051156 0.023806652 -0.762074828 35.309684753
-0.761789620 0.027623426 0.647235274 -176.254394531 0.037193652 0.999307454 0.001127012 1.805565953 -0.646755934 0.024931591 -0.762289464 34.769332886
-0.762098312 0.021384597 0.647108078 -175.773971558 0.031144055 0.999508202 0.003648155 1.799991608 -0.646711886 0.022933820 -0.762389660 34.215957642
-0.762156367 0.018008493 0.647142291 -175.283370972 0.027853902 0.999599576 0.004987702 1.794175625 -0.646793306 0.021826852 -0.762352824 33.656028748
-0.761902988 0.016486179 0.647481203 -174.786773682 0.027227212 0.999607563 0.006586730 1.791976929 -0.647118568 0.022647560 -0.762052894 33.079353333
-0.761717200 0.014766705 0.647741318 -174.280090332 0.027353372 0.999581754 0.009378749 1.799668312 -0.647331953 0.024861861 -0.761802614 32.476799011
-0.762286425 0.012812300 0.647112846 -173.752288818 0.028436778 0.999501526 0.013708668 1.801344395 -0.646614730 0.028851738 -0.762270927 31.866111755
-0.762033820 0.009021710 0.647474408 -173.227142334 0.025150346 0.999560833 0.015672697 1.800435543 -0.647048652 0.028227331 -0.761926055 31.249252319
-0.761563241 0.008221954 0.648038507 -172.687500000 0.021966858 0.999672472 0.013131767 1.804092646 -0.647718310 0.024236038 -0.761494398 30.623580933
-0.761306584 0.011084563 0.648297310 -172.140472412 0.023336578 0.999674439 0.010312146 1.803222775 -0.647971928 0.022979742 -0.761317492 29.986297607
-0.760828435 0.012518576 0.648832202 -171.586486816 0.025751153 0.999608874 0.010909653 1.814022899 -0.648441792 0.025008556 -0.760853291 29.333969116
-0.760853350 0.010411952 0.648840427 -171.015441895 0.027729237 0.999479651 0.016477620 1.814803600 -0.648331106 0.030528899 -0.760746062 28.660865784
-0.760893941 0.011597408 0.648772538 -170.449539185 0.031302508 0.999332190 0.018848252 1.819091558 -0.648120761 0.034649733 -0.760748863 27.985420227
-0.761052251 0.012995683 0.648560405 -169.873764038 0.032570120 0.999303758 0.018195566 1.819793940 -0.647872448 0.034971461 -0.760945678 27.333259583
-0.760727227 0.018254571 0.648814917 -169.296249390 0.035964992 0.999254227 0.014054216 1.833199739 -0.648074567 0.034026049 -0.760816455 26.640953064
-0.760740995 0.023494434 0.648630202 -168.705581665 0.039396793 0.999173462 0.010014548 1.832848072 -0.647858799 0.033172429 -0.761037827 25.963798523
-0.761026621 0.025195265 0.648231089 -168.117736816 0.039603371 0.999186039 0.007658464 1.831268787 -0.647510588 0.031500433 -0.761405110 25.289169312
-0.761262774 0.025053620 0.647959471 -167.512863159 0.038837072 0.999221087 0.006992890 1.829162359 -0.647279441 0.030488266 -0.761642694 24.564903259
-0.761595845 0.023126453 0.647639632 -166.906951904 0.038018711 0.999236286 0.009026777 1.833115101 -0.646936178 0.031497177 -0.761893332 23.862396240
-0.762054026 0.020106489 0.647201121 -166.282684326 0.037419528 0.999214768 0.013017598 1.817563415 -0.646431327 0.034138080 -0.762208045 23.141204834
-0.762498438 0.019624317 0.646692276 -165.677429199 0.038709488 0.999132931 0.015322000 1.822273850 -0.645831048 0.036716130 -0.762597024 22.423171997
-0.762436926 0.022688497 0.646664619 -165.070526123 0.044016346 0.998888612 0.016850164 1.817318439 -0.645563543 0.041311007 -0.762588501 21.701011658
-0.762541175 0.027410550 0.646358788 -164.469268799 0.050823793 0.998552263 0.017613068 1.824106932 -0.644940197 0.046281088 -0.762830377 20.978317261
-0.762688100 0.027546773 0.646179497 -163.862060547 0.054232683 0.998297751 0.021453377 1.819490910 -0.644488692 0.051406272 -0.762883782 20.252998352
-0.762551248 0.026577769 0.646381617 -163.263000488 0.057902716 0.997949541 0.027275696 1.826023579 -0.644331336 0.058226358 -0.762526631 19.534057617
-0.762370110 0.025580812 0.646635413 -162.656112671 0.060965925 0.997613430 0.032412149 1.835040331 -0.644263089 0.064132772 -0.762110174 18.814880371
-0.762724280 0.027780140 0.646126866 -162.053161621 0.062590428 0.997557878 0.030995378 1.843883276 -0.643687904 0.064082302 -0.762600362 18.108200073
-0.763194144 0.031304475 0.645410538 -161.450271606 0.060613971 0.997889817 0.023274805 1.850855350 -0.643320024 0.056884091 -0.763481140 17.409133911
-0.763675630 0.036855359 0.644547284 -160.861419678 0.060571630 0.998055637 0.014697735 1.854099631 -0.642752409 0.050265588 -0.764423132 16.712692261
-0.764116585 0.039383411 0.643874645 -160.268600464 0.061313618 0.998049796 0.011716807 1.855589151 -0.642157495 0.048431300 -0.765041173 16.007865906
-0.764821470 0.037852079 0.643129289 -159.669860840 0.061382018 0.998012483 0.014257533 1.852795839 -0.641311407 0.050381042 -0.765624881 15.301277161
-0.765424967 0.036684148 0.642478764 -159.078277588 0.062142141 0.997921526 0.017054632 1.849378109 -0.640517771 0.052979037 -0.766113758 14.600547791
-0.765577912 0.036088128 0.642330170 -158.472412109 0.062146418 0.997904599 0.018005388 1.850337029 -0.640334487 0.053703047 -0.766216516 13.863121033
-0.767875671 0.033536699 0.639720440 -157.890380859 0.059177816 0.998072088 0.018710000 1.848562717 -0.637859643 0.052224219 -0.768379927 13.168411255
-0.772215903 0.030969134 0.634604931 -157.312194824 0.055855125 0.998253286 0.019251632 1.848793745 -0.632900178 0.050312344 -0.772596896 12.475013733
-0.777939141 0.029570058 0.627643466 -156.743774414 0.054035079 0.998339951 0.019939711 1.848935366 -0.626011908 0.049426645 -0.778245509 11.775100708
-0.784837365 0.031152083 0.618918300 -156.195434570 0.055107314 0.998287320 0.019633522 1.848266840 -0.617246687 0.049516045 -0.785209954 11.060264587
-0.793770373 0.032226752 0.607363164 -155.654083252 0.056530438 0.998181760 0.020916700 1.854392052 -0.605584741 0.050937563 -0.794148922 10.343070984
-0.804403901 0.033694856 0.593126476 -155.128967285 0.059787411 0.997912943 0.024393946 1.860759497 -0.591066658 0.055084072 -0.804739654 9.612586975
-0.816179574 0.034677926 0.576756775 -154.631317139 0.062280390 0.997661650 0.028149031 1.862503052 -0.574431956 0.058895301 -0.816430807 8.881561279
-0.830180466 0.036567662 0.556294143 -154.149093628 0.064239621 0.997474432 0.030299013 1.868815184 -0.553781211 0.060889781 -0.830432892 8.150894165
-0.845283329 0.040682036 0.532767177 -153.693756104 0.067482978 0.997241378 0.030918667 1.885524750 -0.530039728 0.062087759 -0.845696867 7.391998291
-0.861401081 0.043702427 0.506041944 -153.262481689 0.070192151 0.996974707 0.033383355 1.899439812 -0.503051937 0.064276628 -0.861862540 6.623344421
-0.877559483 0.047054440 0.477153212 -152.854583740 0.072473049 0.996756256 0.034994226 1.915583372 -0.473958880 0.065290265 -0.878123105 5.841468811
-0.892664135 0.050129756 0.447926074 -152.474304199 0.073636129 0.996663570 0.035206340 1.931078196 -0.444666624 0.064410985 -0.893377185 5.059787750
-0.906579673 0.057390567 0.418114364 -152.127899170 0.075719886 0.996753693 0.027365370 1.945588827 -0.415186465 0.056468453 -0.907982111 4.269462585
