1.000000000 0.000000000 0.000000000 0.000000000 0.000000000 1.000000000 0.000000000 0.000000000 0.000000000 0.000000000 1.000000000 0.000000000
0.999978859 0.000418043 -0.006489011 -0.008733777 -0.000416395 0.999999881 0.000255344 -0.000348568 0.006489117 -0.000252637 0.999978914 0.093839100
0.999907036 0.001075546 -0.013592758 -0.018526291 -0.001073839 0.999999415 0.000132936 -0.001912119 0.013592893 -0.000118328 0.999907605 0.187674645
0.999777095 0.001300039 -0.021072975 -0.028452691 -0.001309512 0.999999048 -0.000435777 -0.005335017 0.021072388 0.000463275 0.999777845 0.284782458
0.999542645 0.001793164 -0.030187501 -0.044423665 -0.001849312 0.999996612 -0.001832185 -0.006319428 0.030184113 0.001887173 0.999542574 0.384325772
0.999126203 0.001948018 -0.041749682 -0.061131081 -0.002085727 0.999992527 -0.003255146 -0.007265471 0.041743029 0.003339381 0.999122799 0.496724469
0.998472040 0.001986133 -0.055223559 -0.082656064 -0.002208597 0.999989690 -0.003967701 -0.010906567 0.055215110 0.004083606 0.998466132 0.617399677
0.997408689 0.001797192 -0.071921332 -0.102450050 -0.002095387 0.999989519 -0.004070890 -0.011071375 0.071913262 0.004211044 0.997402000 0.760391444
0.995862647 0.000149363 -0.090871155 -0.126240834 -0.000541098 0.999990668 -0.004286266 -0.008769358 0.090869667 0.004317702 0.995853434 0.906635848
0.993808929 -0.000802260 -0.111099812 -0.158118399 0.000308938 0.999990018 -0.004457488 -0.012785550 0.111102279 0.004395568 0.993799257 1.069643872
0.991129662 -0.000960143 -0.132894965 -0.210049465 0.000342313 0.999989029 -0.004671774 -0.018031619 0.132897992 0.004584842 0.991119116 1.231691827
0.987565974 0.002791595 -0.157180322 -0.260634674 -0.003767208 0.999975443 -0.005909391 -0.024477933 0.157159966 0.006428044 0.987552239 1.403222131
0.983152481 0.006749970 -0.182662633 -0.321504923 -0.008251875 0.999938100 -0.007463480 -0.027517304 0.182600948 0.008845048 0.983147323 1.573804634
0.977658273 0.009725321 -0.209975519 -0.384523928 -0.011649618 0.999900700 -0.007929450 -0.039188631 0.209877552 0.010198427 0.977674488 1.747647048
0.970933796 0.010196271 -0.239130928 -0.465333401 -0.012606575 0.999883962 -0.008552060 -0.039238920 0.239015980 0.011318106 0.970949670 1.934043850
0.962896401 0.012046674 -0.269602298 -0.555591765 -0.014740066 0.999859611 -0.007967935 -0.044344648 0.269468462 0.011646251 0.962938790 2.123400091
0.953359077 0.013701182 -0.301527360 -0.653802868 -0.016610022 0.999836941 -0.007085154 -0.044859266 0.301381118 0.011763072 0.953431199 2.322131736
0.941845294 0.015432140 -0.335692255 -0.752045663 -0.018571094 0.999808675 -0.006142261 -0.044302736 0.335533241 0.012019232 0.941951688 2.520618680
0.929205631 0.017224424 -0.369161503 -0.856152272 -0.020899233 0.999763836 -0.005957633 -0.043579118 0.368971704 0.013251058 0.929346163 2.703069309
0.915219547 0.019318372 -0.402492212 -0.980292042 -0.023671704 0.999702705 -0.005844030 -0.037095542 0.402259655 0.014876247 0.915404756 2.892874089
0.898890964 0.019691018 -0.437729709 -1.103635964 -0.024469903 0.999686627 -0.005279349 -0.036160690 0.437488580 0.015456763 0.899091114 3.080088231
0.880142715 0.015068304 -0.474469965 -1.230672041 -0.020392227 0.999773590 -0.006076629 -0.038074019 0.474270976 0.015023800 0.880250718 3.264772046
0.858748516 0.009783979 -0.512303874 -1.372845834 -0.015341294 0.999860397 -0.006620485 -0.040674497 0.512167580 0.013544736 0.858778732 3.441519166
0.833476305 0.011525015 -0.552434995 -1.525528259 -0.016102142 0.999864454 -0.003434432 -0.047458331 0.552320532 0.011757905 0.833548908 3.610832946
0.804100149 0.016900169 -0.594253595 -1.705639121 -0.020884045 0.999781889 0.000174368 -0.050421453 0.594126929 0.012270209 0.804277710 3.780475479
0.771289170 0.019700357 -0.636179937 -1.902268052 -0.024185683 0.999706146 0.001635406 -0.052762431 0.636025211 0.014125075 0.771538990 3.942811509
0.734643401 0.018813743 -0.678192536 -2.105477846 -0.023556768 0.999720046 0.002215671 -0.054734301 0.678044358 0.014348296 0.734880926 4.108867586
0.694329136 0.014191168 -0.719517659 -2.322588333 -0.017441886 0.999843706 0.002888796 -0.052534073 0.719446198 0.010543970 0.694468137 4.274019389
0.650953902 0.010148004 -0.759049429 -2.558684960 -0.012264940 0.999920721 0.002849997 -0.046394277 0.759018174 0.007454479 0.651026760 4.432019534
0.605695414 0.009763902 -0.795636683 -2.819368926 -0.009415667 0.999942649 0.005103229 -0.050503901 0.795640881 0.004400448 0.605752610 4.577752794
0.556900075 0.010357532 -0.830514917 -3.094335702 -0.007285724 0.999944691 0.007585100 -0.049196558 0.830547545 0.001826759 0.556944736 4.714990446
0.504853208 0.010929171 -0.863136022 -3.389217689 -0.006286503 0.999939878 0.008984393 -0.043132768 0.863182321 0.000890308 0.504891561 4.845752194
0.451377406 0.012080918 -0.892251360 -3.704413558 -0.006044955 0.999926803 0.010480766 -0.033604645 0.892312667 0.000662838 0.451417395 4.957866325
0.396104268 0.014149109 -0.918096515 -4.011463999 -0.005225719 0.999899811 0.013155220 -0.031180135 0.918190667 -0.000413124 0.396138522 5.049316684
0.340051508 0.015919521 -0.940272057 -4.352866943 -0.005402678 0.999873276 0.014974725 -0.024002685 0.940391292 -0.000012191 0.340094424 5.130674945
0.284542094 0.018840252 -0.958478399 -4.712720446 -0.003642388 0.999820899 0.018571587 -0.021623457 0.958656628 -0.001793248 0.284559755 5.191998910
0.230363600 0.020829415 -0.972881672 -5.064567699 0.000780558 0.999766607 0.021589846 -0.026103451 0.973104312 -0.005732905 0.230293576 5.246725641
0.179162002 0.021046286 -0.983594444 -5.450955284 0.003028759 0.999754619 0.021943760 -0.023105930 0.983814924 -0.006910559 0.179054295 5.279858020
0.131516990 0.021925909 -0.991071408 -5.860592874 0.000388310 0.999754150 0.022169531 -0.015871456 0.991313841 -0.003300512 0.131476142 5.292669996
0.089011525 0.022104559 -0.995785287 -6.278575083 -0.002264736 0.999755620 0.021990252 -0.005427503 0.996028021 0.000297805 0.089039833 5.289326731
0.051270480 0.020485974 -0.998474668 -6.713432980 -0.004652840 0.999783636 0.020273912 0.005897168 0.998673965 0.003606289 0.051354705 5.272643563
0.016485214 0.017653537 -0.999708253 -7.183479601 -0.003880963 0.999837720 0.017591827 0.014263206 0.999856578 0.003589825 0.016551052 5.260494942
-0.014766314 0.014953506 -0.999779150 -7.661787583 -0.004096914 0.999878868 0.015015507 0.018551358 0.999882579 0.004317733 -0.014703263 5.226358123
-0.041628301 0.013088740 -0.999047431 -8.104533439 -0.004123718 0.999903423 0.013271781 0.017999663 0.999124657 0.004672272 -0.041570307 5.199575549
-0.062129683 0.010441604 -0.998013465 -8.617637682 -0.005549480 0.999926202 0.010807089 0.030448701 0.998052657 0.006209897 -0.062067152 5.143286372
-0.078672072 0.009773751 -0.996852636 -9.129419712 -0.003597889 0.999942642 0.010087994 0.039839495 0.996894057 0.004380208 -0.078632395 5.097606047
-0.091786936 0.010029444 -0.995728160 -9.671832370 -0.002835720 0.999942589 0.010333292 0.045597180 0.995774632 0.003772067 -0.091753225 5.037601243
-0.101520461 0.011167058 -0.994770774 -10.232786541 -0.003641608 0.999926126 0.011596572 0.046963917 0.994826786 0.004799855 -0.101472295 4.970063673
-0.108314695 0.012458086 -0.994038592 -10.814012884 -0.005851732 0.999896160 0.013169127 0.043334851 0.994099434 0.007243258 -0.108230546 4.896593669
-0.112579809 0.013393232 -0.993552418 -11.407709898 -0.006288771 0.999879525 0.014191105 0.043924144 0.993622785 0.007845855 -0.112482019 4.820124984
-0.114181657 0.013878184 -0.993362947 -12.013672451 -0.004129103 0.999887155 0.014443951 0.052918375 0.993451307 0.005750933 -0.114111467 4.746666142
-0.112907587 0.015826315 -0.993479443 -12.648506497 -0.002523257 0.999865348 0.016214808 0.059855846 0.993602290 0.004337579 -0.112852450 4.664061281
-0.111471332 0.018152563 -0.993601845 -13.285010447 -0.002510449 0.999824821 0.018547898 0.068228162 0.993764479 0.004561946 -0.111406234 4.592271972
-0.109917982 0.018118360 -0.993775509 -13.935225487 -0.005232858 0.999809436 0.018807157 0.068287352 0.993926886 0.007267530 -0.109802224 4.515516466
-0.108368857 0.015508487 -0.993989777 -14.612549796 -0.006993819 0.999841669 0.016362285 0.073291849 0.994086152 0.008724947 -0.108243236 4.433519930
-0.107010681 0.015229422 -0.994141227 -15.293079539 -0.007465440 0.999842188 0.016120346 0.083396652 0.994229843 0.009146751 -0.106880099 4.354003350
-0.105140783 0.017740008 -0.994299104 -15.996531036 -0.007111516 0.999801896 0.018590185 0.097699378 0.994431919 0.009025561 -0.104993796 4.275277108
-0.103341455 0.020985252 -0.994424539 -16.727013497 -0.008546167 0.999721769 0.021985164 0.107332230 0.994609223 0.010770497 -0.103133359 4.193883335
-0.101745976 0.022836952 -0.994548254 -17.461599327 -0.008962540 0.999674858 0.023871571 0.114014830 0.994770038 0.011342515 -0.101508217 4.116521474
-0.099906821 0.021892468 -0.994755923 -18.207055959 -0.010170001 0.999683222 0.023022316 0.127545917 0.994944822 0.012416755 -0.099652526 4.031196939
-0.098174487 0.018829176 -0.994991071 -18.958274865 -0.012618197 0.999717065 0.020163632 0.137698785 0.995089218 0.014534548 -0.097909119 3.946269419
-0.096706990 0.018039932 -0.995149395 -19.730482152 -0.013308809 0.999722906 0.019416169 0.149070316 0.995223911 0.015121933 -0.096440103 3.865224765
-0.094853669 0.020108868 -0.995288106 -20.533274785 -0.011418338 0.999708213 0.021286370 0.157366278 0.995425740 0.013383626 -0.094596382 3.776155880
-0.093775415 0.022162024 -0.995346681 -21.319395886 -0.009303615 0.999689053 0.023135239 0.163536344 0.995549905 0.011429839 -0.093540069 3.701861505
-0.092713289 0.023867082 -0.995406755 -22.119597910 -0.007773356 0.999664854 0.024693198 0.172565478 0.995662504 0.010027038 -0.092496689 3.627311756
-0.091878890 0.019323504 -0.995582679 -22.926791775 -0.008693669 0.999758022 0.020206853 0.172144341 0.995732238 0.010511849 -0.091688666 3.545069051
-0.091577682 0.012373639 -0.995721056 -23.731532015 -0.006988417 0.999890186 0.013068182 0.178434380 0.995773413 0.008155267 -0.091481154 3.470676271
-0.092065801 0.007726785 -0.995722946 -24.551445682 -0.003367745 0.999961757 0.008071064 0.184871873 0.995747230 0.004096410 -0.092036258 3.405444887
-0.092774654 0.008319542 -0.995652373 -25.383654212 -0.001970159 0.999961600 0.008539129 0.190941376 0.995685182 0.002753808 -0.092754700 3.329775483
-0.092409799 0.015572019 -0.995599287 -26.222938308 -0.002089228 0.999872471 0.015832773 0.192064261 0.995718868 0.003543137 -0.092365481 3.239038608
-0.093126958 0.022549141 -0.995398868 -27.064853917 -0.003471181 0.999730082 0.022972012 0.197682015 0.995648191 0.005594523 -0.093023549 3.162281541
-0.093408857 0.027666965 -0.995243349 -27.908646161 -0.005133355 0.999587156 0.028269512 0.204930576 0.995614601 0.007749561 -0.093228270 3.075818684
-0.094154510 0.027855039 -0.995167838 -28.749162114 -0.006390823 0.999570995 0.028582931 0.213268489 0.995537084 0.009051154 -0.093936100 2.994724057
-0.094654830 0.024150574 -0.995217169 -29.585765475 -0.006829866 0.999666413 0.024908129 0.220994037 0.995486723 0.009154875 -0.094458309 2.914766702
-0.095355963 0.021278863 -0.995215781 -30.415101576 -0.006470258 0.999737133 0.021995478 0.235017862 0.995422210 0.008536703 -0.095193217 2.841169929
-0.095580160 0.022606664 -0.995164997 -31.260387052 -0.007502794 0.999697321 0.023430225 0.243465796 0.995393460 0.009705982 -0.095381617 2.750900781
-0.095635593 0.024756218 -0.995108518 -32.109242106 -0.007992768 0.999639363 0.025637086 0.252167491 0.995384322 0.010405489 -0.095403233 2.665505852
-0.095343563 0.022983502 -0.995179061 -32.952613250 -0.008842718 0.999674420 0.023934502 0.258277826 0.995405149 0.011082089 -0.095109284 2.571167876
-0.094785463 0.017735749 -0.995339721 -33.788161558 -0.008630558 0.999789067 0.018636912 0.268884655 0.995460310 0.010356846 -0.094612400 2.479037531
-0.094874302 0.013449670 -0.995398399 -34.625810438 -0.010336312 0.999841517 0.014494888 0.272099258 0.995435597 0.011663941 -0.094720246 2.392735200
-0.094218424 0.014210207 -0.995450129 -35.473735284 -0.010016278 0.999833987 0.015220818 0.272991848 0.995501162 0.011404787 -0.094060449 2.300713383
-0.093670732 0.016664407 -0.995463757 -36.322897398 -0.008923229 0.999805698 0.017576747 0.269511218 0.995563243 0.010529178 -0.093503832 2.212730649
-0.093475319 0.021615721 -0.995386922 -37.164234121 -0.008303831 0.999712594 0.022489458 0.275008949 0.995586968 0.010367734 -0.093268960 2.138506912
-0.092934361 0.026993440 -0.995306264 -38.011370570 -0.007161205 0.999588459 0.027778236 0.285314618 0.995646484 0.009709145 -0.092702809 2.056183184
-0.093057273 0.030080994 -0.995206249 -38.857223092 -0.007800515 0.999490808 0.030939889 0.293530465 0.995630200 0.010642303 -0.092775242 1.965612071
-0.092867079 0.029487300 -0.995241782 -39.693450130 -0.007884902 0.999508248 0.030349456 0.306812714 0.995647294 0.010665850 -0.092588907 1.880226500
-0.093014160 0.025238715 -0.995344851 -40.514901001 -0.007848434 0.999629029 0.026080778 0.315724837 0.995633852 0.010237780 -0.092781570 1.805446987
-0.092954206 0.020869486 -0.995451646 -41.342801976 -0.008730649 0.999724789 0.021774331 0.322336029 0.995632106 0.010714954 -0.092746420 1.729360167
-0.092423513 0.018001450 -0.995557051 -42.172916965 -0.012912335 0.999730824 0.019275648 0.327590539 0.995636061 0.014636489 -0.092166194 1.632363004
-0.092751990 0.016390786 -0.995554323 -43.004579111 -0.016944517 0.999693717 0.018037592 0.325146656 0.995545053 0.018542210 -0.092445848 1.541838260
-0.093235268 0.014355426 -0.995540610 -43.825073089 -0.015454004 0.999754731 0.015863504 0.325000092 0.995524163 0.016864127 -0.092990552 1.452944979
-0.094343964 0.010801461 -0.995481062 -44.651679237 -0.011827215 0.999858410 0.011969849 0.321381591 0.995469404 0.012903052 -0.094202854 1.369490410
-0.094977908 0.009385730 -0.995435134 -45.457410023 -0.007360436 0.999921597 0.010130316 0.324822458 0.995452169 0.008288993 -0.094901378 1.284909493
-0.097304220 0.013005741 -0.995169704 -46.265255721 -0.007352491 0.999877934 0.013786173 0.317920445 0.995227527 0.008658429 -0.097196718 1.211401129
-0.099168092 0.019069751 -0.994887951 -47.092252613 -0.004523493 0.999797379 0.019614745 0.318417390 0.995060414 0.006445526 -0.099061737 1.130390754
-0.100936307 0.022912229 -0.994629022 -47.913612985 -0.002638150 0.999725099 0.023297345 0.318806959 0.994889392 0.004975529 -0.100848114 1.042466944
-0.102572948 0.021832855 -0.994485856 -48.728297361 -0.002887863 0.999748351 0.022246246 0.321191722 0.994721293 0.005153802 -0.102484085 0.951384386
-0.103837699 0.017617761 -0.994438207 -49.525899519 -0.005837856 0.999815084 0.018322599 0.325979157 0.994577122 0.007707963 -0.103715648 0.863607996
-0.104970401 0.013656028 -0.994381581 -50.316217592 -0.010501555 0.999834740 0.014839498 0.329259492 0.994419897 0.012000261 -0.104809644 0.767130101
-0.106335555 0.011922311 -0.994258824 -51.105116559 -0.014857469 0.999797430 0.013577725 0.330433493 0.994219294 0.016215965 -0.106136879 0.669755198
-0.107757207 0.012990333 -0.994092368 -51.899289302 -0.016543475 0.999752752 0.014857573 0.324980210 0.994039586 0.018046753 -0.107515659 0.579373596
-0.109008804 0.014584610 -0.993933785 -52.678614435 -0.016204481 0.999733421 0.016446924 0.322327432 0.993908696 0.017899040 -0.108743408 0.493927971
-0.109779002 0.014182951 -0.993854826 -53.451759446 -0.019124919 0.999682939 0.016378618 0.313766735 0.993772010 0.020805422 -0.109472947 0.402528689
-0.110434596 0.013953868 -0.993785434 -54.235649172 -0.019667670 0.999674960 0.016222137 0.312514232 0.993688776 0.021336930 -0.110124260 0.308315864
-0.111195416 0.015696436 -0.993674595 -55.008297342 -0.017855360 0.999682311 0.017789408 0.313742084 0.993638146 0.019720518 -0.110879825 0.222537292
-0.111682897 0.018701471 -0.993567907 -55.778682216 -0.017040390 0.999639856 0.020731201 0.311573040 0.993597784 0.019246105 -0.111323995 0.140043399
-0.112024487 0.023194671 -0.993434709 -56.532946708 -0.016486344 0.999546567 0.025196450 0.309333590 0.993568676 0.019200726 -0.111591297 0.050806642
-0.112969964 0.025173526 -0.993279458 -57.290062997 -0.015920604 0.999504800 0.027142019 0.312994567 0.993470846 0.018879842 -0.112513244 -0.034461275
-0.113787699 0.024766009 -0.993196357 -58.038460108 -0.014930556 0.999533730 0.026634588 0.326692852 0.993392892 0.017859662 -0.113364873 -0.120837599
-0.114229045 0.022874301 -0.993191065 -58.796884408 -0.014232035 0.999594618 0.024658639 0.326472748 0.993352493 0.016951863 -0.113857190 -0.214237407
-0.114712218 0.018988470 -0.993217270 -59.539140575 -0.013890317 0.999688895 0.020716466 0.336648469 0.993301649 0.016172535 -0.114412775 -0.303751700
-0.115316928 0.015946604 -0.993200741 -60.254894906 -0.013856115 0.999748025 0.017660509 0.341130010 0.993232105 0.015798460 -0.115066913 -0.369112444
-0.114472473 0.013495486 -0.993334750 -60.972911072 -0.013946860 0.999787346 0.015190396 0.343016417 0.993328515 0.015592783 -0.114259910 -0.456333340
-0.112217172 0.012907037 -0.993599877 -61.669406683 -0.016707008 0.999749791 0.014873815 0.335513611 0.993543246 0.018269179 -0.111973456 -0.544254033
-0.108774018 0.013697986 -0.993972121 -62.361483897 -0.016501997 0.999742388 0.015583381 0.335746620 0.993929523 0.018097591 -0.108519953 -0.615717578
-0.103314735 0.014844443 -0.994537937 -63.032080219 -0.015876562 0.999736628 0.016571330 0.340779265 0.994521996 0.017501906 -0.103051846 -0.680007549
-0.096069939 0.016103673 -0.995244311 -63.687681519 -0.015060099 0.999731152 0.017630009 0.342063310 0.995260649 0.016682192 -0.095801588 -0.743893282
-0.087794446 0.017203607 -0.995990046 -64.320542701 -0.016098459 0.999695778 0.018686661 0.341871312 0.996008521 0.017674490 -0.087490786 -0.790927227
-0.076162622 0.018707159 -0.996919905 -64.951863232 -0.017810748 0.999638939 0.020118886 0.341848107 0.996936323 0.019288197 -0.075801935 -0.837671037
-0.062088598 0.019903097 -0.997872173 -65.555226304 -0.020460366 0.999565662 0.021209939 0.344794569 0.997860902 0.021733725 -0.061654406 -0.860030938
-0.044026783 0.021262092 -0.998804068 -66.144275950 -0.021961212 0.999511309 0.022245187 0.341655173 0.998788940 0.022914332 -0.043538326 -0.872529878
-0.021623676 0.022060704 -0.999522757 -66.715984504 -0.022762518 0.999486498 0.022552348 0.342741392 0.999507021 0.023239320 -0.021110415 -0.879607453
0.003542648 0.021985842 -0.999752005 -67.267659622 -0.021580552 0.999527126 0.021904426 0.350223791 0.999760836 0.021497600 0.004015439 -0.857468200
0.032651778 0.021600265 -0.999233351 -67.799000725 -0.020060511 0.999579201 0.020952227 0.350743680 0.999265449 0.019361004 0.033071351 -0.815357348
0.066782811 0.021393673 -0.997538153 -68.299842146 -0.018446686 0.999625700 0.020203481 0.353318092 0.997597001 0.017052028 0.067152457 -0.756435880
0.104248160 0.021291728 -0.994323380 -68.784676402 -0.017512137 0.999655113 0.019569868 0.359482296 0.994397127 0.015372604 0.104585070 -0.675418813
0.145482919 0.020825301 -0.989141561 -69.260374692 -0.016655943 0.999688306 0.018597595 0.360106198 0.989220552 0.013769453 0.145784438 -0.578428444
0.190986150 0.021776335 -0.981351151 -69.726902639 -0.015121418 0.999700525 0.019240648 0.361963168 0.981476252 0.011164724 0.191258244 -0.463286694
0.240137644 0.020250820 -0.970527597 -70.177538827 -0.011673580 0.999770330 0.017972598 0.363899679 0.970668656 0.007013634 0.240318891 -0.324662576
0.290742218 0.015654023 -0.956673358 -70.592584566 -0.003633888 0.999877008 0.015256589 0.357595692 0.956794522 -0.000959290 0.290763344 -0.160609913
0.342792296 0.010436215 -0.939353249 -70.999829792 0.002576809 0.999924082 0.012049495 0.353357583 0.939407687 -0.006551008 0.342739380 0.025494766
0.395980810 0.005710355 -0.918241030 -71.404854559 0.008637667 0.999913258 0.009943152 0.352891020 0.918218160 -0.011868758 0.395897138 0.233760680
0.447893432 0.005113460 -0.894072327 -71.792162364 0.009180506 0.999904626 0.010317802 0.357654655 0.894039816 -0.012829312 0.447803770 0.461123085
0.497289809 0.003847126 -0.867575960 -72.177304256 0.011098594 0.999880132 0.010795462 0.361043053 0.867513497 -0.014997347 0.497187502 0.706883878
0.543074211 -0.000671442 -0.839684435 -72.529917481 0.019832897 0.999730959 0.012027702 0.361464328 0.839450450 -0.023185310 0.542941418 0.981750824
0.587628518 -0.006983686 -0.809100706 -72.861895922 0.030861223 0.999428586 0.013787208 0.359991157 0.808542089 -0.033071594 0.587508264 1.280086110
0.630893199 -0.012277675 -0.775772538 -73.185855876 0.033010398 0.999394157 0.011028747 0.361836664 0.775167134 -0.032566522 0.630916267 1.587376715
0.672824609 -0.017888371 -0.739585730 -73.492635620 0.031177586 0.999505086 0.004188196 0.366044221 0.739144778 -0.025876419 0.673049335 1.902691573
0.714242647 -0.024948959 -0.699453351 -73.787620040 0.028467541 0.999573030 -0.006584534 0.367751922 0.699318983 -0.015208762 0.714647923 2.239111860
0.754718913 -0.027359373 -0.655477556 -74.068379142 0.024160629 0.999611385 -0.013904758 0.366007497 0.655603253 -0.005342566 0.755086638 2.590720303
0.792492730 -0.028186102 -0.609229691 -74.335241189 0.023125106 0.999601876 -0.016165335 0.361294893 0.609442780 -0.001277590 0.792829026 2.989270498
0.827386302 -0.030057285 -0.560828376 -74.603307378 0.024427809 0.999547853 -0.017532029 0.359726755 0.561101764 0.000805952 0.827746435 3.424540817
0.858944659 -0.028217277 -0.511290385 -74.842461257 0.021568659 0.999588115 -0.018931259 0.352762836 0.511613981 0.005233056 0.859199482 3.874725505
0.885724806 -0.026447069 -0.463456709 -75.067528873 0.021073008 0.999637267 -0.016770907 0.338498535 0.463732139 0.005087982 0.885960843 4.351951880
0.907620339 -0.020126859 -0.419309229 -75.273208047 0.015257127 0.999771622 -0.014964097 0.326482134 0.419514648 0.007184265 0.907720137 4.842434163
0.925717832 -0.015628063 -0.377891862 -75.462812612 0.010405226 0.999820097 -0.015858897 0.315372567 0.378071722 0.010748813 0.925713906 5.355753462
0.939810308 -0.010656484 -0.341530415 -75.645974202 0.006358796 0.999885922 -0.013700701 0.301499396 0.341637455 0.010704337 0.939770859 5.893989335
0.950140193 -0.009403154 -0.311681239 -75.806062006 0.006320897 0.999920638 -0.010897895 0.282549233 0.311758978 0.008384423 0.950124224 6.447352902
0.957888228 -0.010563909 -0.286946940 -75.971104612 0.008314356 0.999924418 -0.009057027 0.271080380 0.287020930 0.006289840 0.957903661 7.016800642
0.963960263 -0.010236573 -0.265849250 -76.132443554 0.008715115 0.999938202 -0.006902091 0.266372111 0.265903475 0.004336435 0.963989905 7.623338083
0.968854997 -0.008206452 -0.247492726 -76.283386449 0.007437950 0.999964177 -0.004039967 0.258467760 0.247517014 0.002073303 0.968881329 8.239554763
0.972668114 -0.003135610 -0.232178611 -76.442488785 0.002630203 0.999993450 -0.002486338 0.253188042 0.232184886 0.001807705 0.972669991 8.874173721
0.975649220 0.000631338 -0.219335819 -76.579298916 -0.000879030 0.999999081 -0.001031696 0.242952841 0.219334967 0.001199376 0.975648878 9.516446571
0.978506506 -0.000868600 -0.206214120 -76.716470384 0.000601705 0.999998898 -0.001356970 0.239798228 0.206215072 0.001203724 0.978505951 10.180510006
0.981271721 -0.001187742 -0.192625020 -76.842430588 0.000870378 0.999998121 -0.001732186 0.233634777 0.192626716 0.001532089 0.981270911 10.857537525
0.983976319 -0.000785664 -0.178297464 -76.954378477 0.000626859 0.999999355 -0.000947008 0.226700833 0.178298093 0.000820066 0.983976177 11.547097436
0.986389993 0.000723004 -0.164420981 -77.069805639 -0.000833743 0.999999470 -0.000604501 0.222423113 0.164420457 0.000733359 0.986390073 12.257163443
0.988396057 0.000409217 -0.151898215 -77.169594237 -0.000869876 0.999995222 -0.002966243 0.207511575 0.151896275 0.003063956 0.988391690 12.965742716
0.990026070 0.001177911 -0.140879359 -77.269264235 -0.002332597 0.999965027 -0.008031425 0.195509865 0.140864972 0.008279935 0.989994193 13.690303998
0.991381002 -0.000604250 -0.131008947 -77.365112822 -0.001293844 0.999895439 -0.014402676 0.189290200 0.131003951 0.014448044 0.991276560 14.429095525
0.992344624 -0.001142828 -0.123494294 -77.441227603 -0.000668031 0.999892883 -0.014621099 0.179704366 0.123497775 0.014591667 0.992237564 15.171816556
0.993164394 0.000650099 -0.116722166 -77.533278634 -0.001653085 0.999962539 -0.008496338 0.166395213 0.116712270 0.008631212 0.993128264 15.931863274
0.993678751 0.004774911 -0.112159438 -77.621774802 -0.004847827 0.999988178 -0.000377395 0.153402149 0.112156310 0.000918739 0.993690152 16.705256344
0.994146267 0.005027930 -0.107925525 -77.711936836 -0.004712768 0.999983854 0.003175037 0.142515823 0.107939746 -0.002647823 0.994153912 17.468963127
0.994534037 0.003885339 -0.104340567 -77.797334270 -0.003679073 0.999990879 0.002169244 0.130639445 0.104348044 -0.001773511 0.994539260 18.236999078
0.994879386 0.003686849 -0.101002056 -77.881126456 -0.003582860 0.999992848 0.001210963 0.120315640 0.101005798 -0.000842886 0.994885480 18.999573252
0.995165050 0.003244529 -0.098163109 -77.952326226 -0.002921830 0.999989846 0.003430953 0.104248636 0.098173244 -0.003127548 0.995164425 19.761909506
0.995381425 0.000795354 -0.095995759 -78.010483577 -0.000254590 0.999984033 0.005645318 0.097607651 0.095998716 -0.005594805 0.995365734 20.512654841
0.995645133 -0.001884660 -0.093205247 -78.075067825 0.002608294 0.999967393 0.007642668 0.082433023 0.093187804 -0.007852492 0.995617583 21.273238011
0.995885007 -0.002623233 -0.090587926 -78.148076018 0.002994421 0.999987668 0.003961881 0.072219166 0.090576416 -0.004216836 0.995880581 22.043106627
0.996026683 -0.000297804 -0.089054803 -78.220364796 -0.000019426 0.999993658 -0.003561293 0.062524958 0.089055299 0.003548873 0.996020361 22.800854305
0.996189617 -0.000754703 -0.087210538 -78.292720715 -0.000210942 0.999938783 -0.011062832 0.048568714 0.087213548 0.011039075 0.996128474 23.552910446
0.996325026 0.000354455 -0.085652297 -78.374503025 -0.001698245 0.999876612 -0.015616547 0.037508099 0.085636194 0.015704615 0.996202694 24.324771022
0.996492714 0.002550161 -0.083640707 -78.448126870 -0.003741673 0.999893703 -0.014091940 0.015938693 0.083595879 0.014355472 0.996396331 25.080738064
0.996690292 0.005246809 -0.081122945 -78.518985436 -0.006123902 0.999925417 -0.010566874 -0.004247373 0.081061452 0.011028690 0.996648087 25.850234683
0.996802231 0.008699736 -0.079433162 -78.575168814 -0.009140487 0.999944773 -0.005186778 -0.030708759 0.079383652 0.005896249 0.996826700 26.609133253
0.996987545 0.007020088 -0.077243462 -78.631805407 -0.007316859 0.999966896 -0.003559673 -0.045462618 0.077215916 0.004114129 0.997005906 27.353769593
0.997101957 0.004227664 -0.075959291 -78.689774844 -0.004531268 0.999982418 -0.003825031 -0.063732393 0.075941785 0.004158138 0.997103583 28.110903006
0.997161019 0.002585247 -0.075254356 -78.744319420 -0.002862268 0.999989519 -0.003573506 -0.083819479 0.075244329 0.003778759 0.997157967 28.862666286
0.997234930 0.002320898 -0.074277233 -78.801270942 -0.002740869 0.999980828 -0.005552673 -0.095006023 0.074262921 0.005740904 0.997222172 29.609601531
0.997259734 0.000314030 -0.073979221 -78.852061556 -0.000824699 0.999976045 -0.006872429 -0.106580900 0.073975291 0.006914607 0.997236103 30.357881163
0.997286855 -0.000995788 -0.073606638 -78.903287296 0.000483751 0.999975565 -0.006973904 -0.120497895 0.073611784 0.006919376 0.997262968 31.112349982
0.997357388 0.002313855 -0.072614649 -78.962981111 -0.002756440 0.999978229 -0.005995355 -0.136883087 0.072599196 0.006179670 0.997342052 31.871323053
0.997356185 0.001910067 -0.072642900 -79.020278467 -0.002433741 0.999971683 -0.007121052 -0.151000269 0.072627241 0.007279019 0.997332592 32.633546981
0.997232975 0.001060654 -0.074332148 -79.078236060 -0.001619998 0.999970824 -0.007465041 -0.167849279 0.074322062 0.007564803 0.997205598 33.408049182
0.997100014 -0.001123032 -0.076094033 -79.139503347 0.000555409 0.999971868 -0.007480246 -0.177999595 0.076100293 0.007416290 0.997072587 34.193695027
0.996841318 -0.000010978 -0.079419054 -79.207418994 -0.000621130 0.999968329 -0.007934443 -0.194144359 0.079416626 0.007958710 0.996809740 34.979955052
0.996584016 0.003016259 -0.082530003 -79.281621965 -0.003718030 0.999958219 -0.008350867 -0.213899141 0.082501367 0.008629190 0.996553592 35.766921553
0.996364611 0.003130561 -0.085133787 -79.358946512 -0.004296184 0.999899481 -0.013511904 -0.231062087 0.085082930 0.013828533 0.996277906 36.545758762
0.996153609 0.004090553 -0.087528590 -79.432576689 -0.005625474 0.999834575 -0.017296747 -0.244339632 0.087443357 0.017722606 0.996011831 37.346000607
0.995989588 0.003075081 -0.089416354 -79.509373005 -0.004814374 0.999803255 -0.019242461 -0.259924830 0.089339589 0.019595775 0.995808437 38.156728076
0.995800223 0.003809825 -0.091473498 -79.593232533 -0.005493037 0.999820070 -0.018156393 -0.282505006 0.091387866 0.018582607 0.995641976 38.976795704
0.995620489 0.002327303 -0.093458147 -79.677942214 -0.004029221 0.999829401 -0.018025915 -0.301215251 0.093400251 0.018323534 0.995460015 39.801852241
0.995412697 0.001700732 -0.095659136 -79.756646766 -0.003268886 0.999862798 -0.016238825 -0.323034321 0.095618394 0.016477032 0.995281684 40.642342917
0.995283257 0.001096541 -0.097005344 -79.839550376 -0.002313944 0.999919965 -0.012438256 -0.347433579 0.096983941 0.012604053 0.995206136 41.476959659
0.995217850 0.000675706 -0.097677916 -79.933535552 -0.001426984 0.999969936 -0.007621731 -0.368190985 0.097669829 0.007724667 0.995188894 42.335597735
0.995292459 0.000408579 -0.096916227 -80.021426067 -0.000965929 0.999983266 -0.005703998 -0.385193524 0.096912275 0.005770761 0.995276198 43.190442003
0.995482461 0.002850415 -0.094902821 -80.112248006 -0.003394108 0.999978738 -0.005568018 -0.399660930 0.094884932 0.005864974 0.995470970 44.044619689
0.995662027 0.002878929 -0.092999135 -80.194390432 -0.003526065 0.999970697 -0.006794939 -0.417914484 0.092976848 0.007093384 0.995643003 44.898463369
0.995813118 0.000314930 -0.091411900 -80.273273496 -0.001150411 0.999958049 -0.009087194 -0.435988962 0.091405203 0.009154308 0.995771705 45.760129742
0.995976067 -0.003382338 -0.089555756 -80.352416516 0.002449693 0.999941642 -0.010521990 -0.462684664 0.089586119 0.010260266 0.995926229 46.634286310
0.996142431 -0.004916132 -0.087613296 -80.429926493 0.003940775 0.999928365 -0.011302019 -0.475003661 0.087662582 0.010913157 0.996090445 47.508439723
0.996204022 -0.006824248 -0.086781203 -80.502142159 0.006078502 0.999942321 -0.008854749 -0.495390566 0.086836624 0.008293637 0.996188043 48.378653935
0.996213359 -0.009589483 -0.086411720 -80.570030330 0.009038955 0.999936298 -0.006760020 -0.513847267 0.086471040 0.005953350 0.996236577 49.257884623
0.996272173 -0.009702602 -0.085718236 -80.642629474 0.009169553 0.999936110 -0.006610165 -0.530440820 0.085776895 0.005799525 0.996297491 50.134166545
0.996397277 -0.008066153 -0.084423956 -80.723704411 0.007273866 0.999926614 -0.009688012 -0.557926535 0.084495905 0.009039020 0.996382827 51.000563214
0.996457210 -0.005747322 -0.083904692 -80.800215953 0.004460313 0.999869635 -0.015518341 -0.582523370 0.083982943 0.015089122 0.996352941 51.855336433
0.996558599 -0.003491955 -0.082817663 -80.874301225 0.001750529 0.999776038 -0.021090525 -0.607579407 0.082872762 0.020872970 0.996341520 52.708397619
0.996613359 0.000514160 -0.082228634 -80.946661276 -0.002743317 0.999631708 -0.026998573 -0.634790115 0.082184469 0.027132718 0.996247725 53.552153196
0.996707312 0.000464179 -0.081082173 -81.020474188 -0.002717342 0.999613128 -0.027680501 -0.670352639 0.081037956 0.027809685 0.996322975 54.400080992
0.996727903 -0.001985944 -0.080805592 -81.089686894 0.000218111 0.999760568 -0.021880549 -0.696319929 0.080829699 0.021791329 0.996489688 55.244673737
0.996635458 -0.001945999 -0.081938856 -81.159443200 0.000853609 0.999910324 -0.013364687 -0.723565003 0.081957516 0.013249777 0.996547745 56.100001765
0.996557811 -0.003235402 -0.082837566 -81.236761399 0.002836397 0.999983805 -0.004933945 -0.760377479 0.082852187 0.004682001 0.996550849 56.953175356
0.996401978 -0.005336688 -0.084584979 -81.320252830 0.004709746 0.999959954 -0.007609790 -0.780296524 0.084622203 0.007184036 0.996387210 57.800941619
0.996189652 -0.010305299 -0.086602415 -81.391251860 0.009376646 0.999894172 -0.011123135 -0.804972480 0.086707877 0.010268712 0.996180856 58.641599335
0.995904338 -0.012190713 -0.089587594 -81.464294085 0.011076458 0.999855127 -0.012924274 -0.829484076 0.089732171 0.011879028 0.995895088 59.475808448
0.995667365 -0.010550682 -0.092386042 -81.541858734 0.009174476 0.999840729 -0.015308322 -0.855512613 0.092532841 0.014394403 0.995605582 60.289035425
0.995419188 -0.009113016 -0.095171388 -81.640540909 0.007350275 0.999795193 -0.018855933 -0.883695285 0.095323731 0.018070021 0.995282302 61.115551926
0.995064024 -0.007859101 -0.098923320 -81.727942159 0.005610439 0.999719974 -0.022989061 -0.906021848 0.099076292 0.022320584 0.994829473 61.925548149
0.994779799 -0.006186813 -0.101857130 -81.817603492 0.003437523 0.999625594 -0.027145064 -0.938659983 0.101986935 0.026653225 0.994428615 62.733461258
0.994450263 -0.001596516 -0.105195650 -81.913042392 -0.001298515 0.999622438 -0.027446213 -0.972854775 0.105199751 0.027430492 0.994072724 63.538733072
0.994100713 0.002736662 -0.108426394 -82.017627988 -0.005547670 0.999656044 -0.025632339 -1.005536444 0.108318953 0.026082640 0.993773968 64.350653732
0.993677520 0.005890977 -0.112117276 -82.119500632 -0.008172239 0.999768607 -0.019898421 -1.038410127 0.111974112 0.020688863 0.993495732 65.151813891
0.993166348 0.006572915 -0.116522113 -82.217143836 -0.008314058 0.999860841 -0.014462856 -1.069331263 0.116410835 0.015332793 0.993082788 65.949228803
0.992592742 0.005921733 -0.121344884 -82.322769959 -0.007293737 0.999914366 -0.010865592 -1.093924199 0.121270150 0.011670165 0.992550935 66.739293948
0.991791680 0.005670871 -0.127738426 -82.430135640 -0.007037545 0.999922700 -0.010250210 -1.112663145 0.127670424 0.011065038 0.991754923 67.521788142
0.991023562 0.003337485 -0.133645650 -82.539734335 -0.004212081 0.999971523 -0.006261946 -1.137256108 0.133620945 0.006768662 0.991009399 68.308356717
0.990122576 0.005082421 -0.140112286 -82.652260549 -0.006177188 0.999953690 -0.007379709 -1.151252017 0.140068290 0.008172316 0.990108119 69.080691406
0.989269337 0.010083580 -0.145754935 -82.781437682 -0.011439723 0.999898699 -0.008469069 -1.170743709 0.145654772 0.010045587 0.989284476 69.851866674
0.988321325 0.011971531 -0.151913266 -82.909547300 -0.014019004 0.999824665 -0.012413979 -1.189307454 0.151738016 0.014398673 0.988315867 70.627459879
0.987329971 0.010070014 -0.158360740 -83.019469212 -0.012656897 0.999802296 -0.015335307 -1.208900438 0.158175005 0.017145364 0.987262227 71.386465088
0.986486270 0.010969581 -0.163476320 -83.162207127 -0.013851676 0.999767904 -0.016500575 -1.234843334 0.163257373 0.018542011 0.986409258 72.134984554
0.985662259 0.013233532 -0.168210539 -83.302854289 -0.015419110 0.999812738 -0.011693564 -1.254339991 0.168024293 0.014119561 0.985681731 72.902786761
0.984479143 0.013019293 -0.175018042 -83.434472918 -0.014667073 0.999859423 -0.008124673 -1.267658734 0.174887662 0.010565574 0.984531703 73.665668571
0.983455863 0.011795187 -0.180763489 -83.594351600 -0.013060831 0.999897807 -0.005812952 -1.296437940 0.180676452 0.008077703 0.983509416 74.428833167
0.982104581 0.009049380 -0.188118846 -83.737178873 -0.011173254 0.999885219 -0.010232694 -1.309430330 0.188004654 0.012151475 0.982092965 75.191839411
0.980513986 0.006975962 -0.196325391 -83.896726679 -0.010555247 0.999796508 -0.017190977 -1.335343008 0.196165517 0.018928256 0.980388092 75.940360096
0.978791455 0.004604909 -0.204807428 -84.063092608 -0.008736236 0.999776107 -0.019272129 -1.357417617 0.204672827 0.020652641 0.978612539 76.673084316
0.976393042 0.003453894 -0.215973839 -84.233345035 -0.007309557 0.999827813 -0.017056238 -1.378225019 0.215877741 0.018232265 0.976250166 77.411089766
0.973830764 0.003272410 -0.227250819 -84.410594322 -0.005964960 0.999919904 -0.011162618 -1.396251130 0.227196089 0.012226043 0.973772284 78.142307441
0.970901448 0.004567268 -0.239435832 -84.597389532 -0.005625700 0.999977192 -0.003737270 -1.415782503 0.239413302 0.004975515 0.970904998 78.867283471
0.968058951 0.005858958 -0.250654225 -84.794865406 -0.006167902 0.999980878 -0.000447017 -1.436995682 0.250646813 0.001978750 0.968076577 79.588649856
0.965029515 0.008509226 -0.262003108 -85.002498713 -0.010355457 0.999930324 -0.005666681 -1.453521665 0.261936634 0.008181676 0.965050393 80.286856343
0.961621374 0.007425161 -0.274279421 -85.214715615 -0.011945123 0.999818930 -0.014812884 -1.478454401 0.274119769 0.017520687 0.961535947 80.995033645
0.958095391 0.005500052 -0.286396529 -85.434316567 -0.011757691 0.999728144 -0.020134437 -1.489745385 0.286207929 0.022658073 0.957899594 81.691090506
0.954289431 0.004438591 -0.298851101 -85.660986610 -0.009628048 0.999827316 -0.015894602 -1.503097038 0.298728944 0.018045404 0.954167376 82.398823236
0.950447468 0.005627808 -0.310834263 -85.896786099 -0.008853132 0.999920609 -0.008966439 -1.524421590 0.310759124 0.011273986 0.950421835 83.119462121
0.946407103 0.005461049 -0.322929980 -86.147671698 -0.007010536 0.999968818 -0.003635285 -1.545261254 0.322900058 0.005704372 0.946415877 83.834904422
0.942128380 0.003170792 -0.335237321 -86.406589787 -0.005495323 0.999966986 -0.005985649 -1.564134356 0.335207274 0.007481487 0.942114701 84.532701288
0.938078167 0.000803512 -0.346422730 -86.673319699 -0.004865275 0.999929242 -0.010855388 -1.578226014 0.346389495 0.011868644 0.938015700 85.240791416
0.934815754 -0.002882841 -0.355121382 -86.942749428 -0.003565301 0.999840474 -0.017501849 -1.606890463 0.355115186 0.017627118 0.934656348 85.928336282
0.931957228 -0.006844229 -0.362503630 -87.224371431 -0.001717339 0.999727267 -0.023290383 -1.630865102 0.362564168 0.022328183 0.931691299 86.623345692
0.928977707 -0.006708844 -0.370074872 -87.505773093 -0.002797380 0.999679910 -0.025144644 -1.658819858 0.370125106 0.024394054 0.928661583 87.324298192
0.925756464 -0.001316703 -0.378118019 -87.801615121 -0.008937937 0.999638325 -0.025363985 -1.688742122 0.378014660 0.026860468 0.925409872 88.018024423
0.922311104 -0.002004242 -0.386443023 -88.092573602 -0.007669578 0.999694663 -0.023489537 -1.712700044 0.386372106 0.024628516 0.922014117 88.714410938
0.918846388 -0.001730604 -0.394611606 -88.389556641 -0.005447483 0.999839470 -0.017069256 -1.732224658 0.394577799 0.017833664 0.918689458 89.410830380
0.915753126 0.000571039 -0.401741069 -88.699071541 -0.004625615 0.999947690 -0.009122573 -1.752361513 0.401714844 0.010212324 0.915707864 90.109595848
0.913204703 0.011507625 -0.407338613 -89.025346256 -0.013590777 0.999905175 -0.002220824 -1.781230765 0.407274431 0.007564115 0.913274505 90.793532377
0.910602769 0.018354205 -0.412874945 -89.359618139 -0.022481999 0.999734026 -0.005141621 -1.799635344 0.412670761 0.013964228 0.910773212 91.474645247
0.908348706 0.014795828 -0.417951806 -89.684582215 -0.022099284 0.999675876 -0.012639793 -1.819813245 0.417629322 0.020717775 0.908381265 92.150897446
0.906172435 0.007519251 -0.422841553 -90.007863261 -0.017768303 0.999635987 -0.020302245 -1.836542254 0.422534976 0.025910511 0.905976181 92.843507667
0.904203690 0.008123128 -0.427024240 -90.335264125 -0.018865535 0.999602897 -0.020931794 -1.858480948 0.426684636 0.026982646 0.903997875 93.533428896
0.902073236 0.014267515 -0.431347093 -90.680574682 -0.023194605 0.999611688 -0.015442918 -1.887426033 0.430959263 0.023935569 0.902053880 94.222175162
0.899320379 0.016222803 -0.436989332 -91.028050521 -0.023443379 0.999663156 -0.011134757 -1.910416838 0.436661498 0.020258220 0.899397766 94.925322083
0.896480395 0.012434903 -0.442908878 -91.366851850 -0.020303601 0.999708967 -0.013028631 -1.937815308 0.442617967 0.020672557 0.896471963 95.623771123
0.894425973 0.010736001 -0.447087148 -91.727452669 -0.021714026 0.999575257 -0.019437259 -1.962340610 0.446688572 0.027093251 0.894279193 96.304616858
0.892051676 0.007903851 -0.451864290 -92.078686906 -0.022229383 0.999404188 -0.026403097 -1.980425637 0.451386378 0.033597591 0.891695879 96.988804224
0.889626556 0.008695813 -0.456605928 -92.438201544 -0.024083694 0.999320779 -0.027891857 -2.008095808 0.456053249 0.035810095 0.889231731 97.671589565
0.887350783 0.011446274 -0.460952895 -92.795250518 -0.025035704 0.999413182 -0.023377431 -2.041171899 0.460414815 0.032284262 0.887116635 98.356139506
0.885097452 0.012900862 -0.465226900 -93.164191876 -0.025889020 0.999432743 -0.021539515 -2.066617486 0.464685118 0.031108838 0.884929365 99.044338563
0.882490493 0.013645454 -0.470132249 -93.532238341 -0.026607752 0.999426657 -0.020937636 -2.098567115 0.469576999 0.030986427 0.882347598 99.729434225
0.880123539 0.011749113 -0.474599320 -93.901155260 -0.025028760 0.999451783 -0.021672448 -2.126058633 0.474084504 0.030953064 0.879935106 100.406135083
0.877941733 0.009752520 -0.478668153 -94.276953232 -0.023263295 0.999480533 -0.022304312 -2.156424956 0.478201978 0.030717285 0.877712548 101.080585731
0.875650413 0.009391013 -0.482854183 -94.651781200 -0.022712735 0.999505414 -0.021749936 -2.186437100 0.482411116 0.030012280 0.875430624 101.746005038
0.872853083 0.010143184 -0.487877661 -95.003965771 -0.023523543 0.999496230 -0.021305593 -2.213317444 0.487415777 0.030073263 0.872651969 102.400810642
0.870188276 0.010128303 -0.492615246 -95.369609050 -0.023843080 0.999483023 -0.021568356 -2.238120337 0.492142125 0.030513995 0.869979899 103.058872018
0.868207008 0.007314958 -0.496148247 -95.779436646 -0.023095603 0.999403383 -0.025680169 -2.269440513 0.495664387 0.033754546 0.867857964 103.713235915
0.865684402 0.004119821 -0.500573215 -96.146335985 -0.022061797 0.999308531 -0.029928849 -2.306829883 0.500103783 0.036952483 0.865176699 104.353701537
0.863408318 0.002212734 -0.504500922 -96.517246494 -0.021798614 0.999220117 -0.032923817 -2.334131012 0.504034619 0.039424118 0.862783195 104.985664176
0.861143080 0.003470663 -0.508350814 -96.891126660 -0.021246055 0.999348709 -0.029167832 -2.367155019 0.507918498 0.035918126 0.860655963 105.624116081
0.859055688 0.007398477 -0.511828670 -97.267251686 -0.020938351 0.999566572 -0.020694306 -2.396072356 0.511453722 0.028494410 0.858838261 106.257226683
0.857359026 0.009093666 -0.514638520 -97.633258519 -0.017373328 0.999785478 -0.011276779 -2.422291475 0.514425572 0.018609232 0.857333090 106.877030385
0.855684127 0.008799021 -0.517423667 -98.003948820 -0.014648408 0.999866628 -0.007221477 -2.441519741 0.517291116 0.013758736 0.855698895 107.490149043
0.853834883 0.005593610 -0.520513884 -98.363157072 -0.011756975 0.999894410 -0.008540592 -2.453870419 0.520411151 0.013411924 0.853810491 108.087984384
0.851683838 0.003862294 -0.524041719 -98.711390240 -0.011908283 0.999857273 -0.011984446 -2.476704542 0.523920637 0.016447396 0.851608272 108.669356265
0.849979748 0.001978175 -0.526811651 -99.061793411 -0.011571005 0.999821814 -0.014914813 -2.496483592 0.526688276 0.018773029 0.849851183 109.230297998
0.848346341 0.000553633 -0.529441385 -99.409412007 -0.010939001 0.999804313 -0.016482537 -2.510371246 0.529328654 0.019774460 0.848186387 109.780815221
0.847044913 -0.000836750 -0.531520663 -99.743989840 -0.009726647 0.999806907 -0.017074586 -2.529471306 0.531432317 0.019632855 0.846873216 110.306704481
0.845455684 -0.000854527 -0.534044901 -100.067990833 -0.009253785 0.999825143 -0.016249651 -2.553524656 0.533965405 0.018680297 0.845299942 110.818380662
0.844075047 -0.001504260 -0.536222950 -100.384491726 -0.007810812 0.999855481 -0.015099976 -2.570891014 0.536168170 0.016933849 0.843941312 111.315877461
0.842369554 -0.003021302 -0.538891831 -100.686538115 -0.006018492 0.999869176 -0.015013591 -2.586070035 0.538866692 0.015890308 0.842241169 111.789954228
0.840936669 -0.004648438 -0.541113584 -100.980377875 -0.004480738 0.999869008 -0.015552826 -2.597042984 0.541114999 0.015503530 0.840805684 112.245868070
0.839509675 -0.005711015 -0.543314724 -101.263008292 -0.003792769 0.999858803 -0.016370393 -2.619825690 0.543331501 0.015803771 0.839369478 112.684607796
0.838381992 -0.005829670 -0.545051970 -101.542475756 -0.006286039 0.999772908 -0.020362183 -2.631332871 0.545046898 0.020497506 0.838154957 113.094669122
0.836839017 -0.008635290 -0.547380938 -101.810147204 -0.005661998 0.999685588 -0.024426785 -2.653074020 0.547419767 0.023540556 0.836527011 113.493227479
0.834442276 -0.012958103 -0.550942987 -102.061643838 -0.002514240 0.999623604 -0.027319005 -2.657845392 0.551089617 0.024181336 0.834095616 113.873258146
0.831490289 -0.016973317 -0.555279934 -102.300661445 0.002238057 0.999627386 -0.027204423 -2.671568563 0.555534778 0.021377465 0.831218452 114.238101570
0.827959401 -0.016599207 -0.560542324 -102.535789400 0.002032773 0.999644099 -0.026599680 -2.676282171 0.560784360 0.020884000 0.827698472 114.576618001
0.824007881 -0.013604309 -0.566414985 -102.761659009 -0.001146394 0.999669606 -0.025678084 -2.680379962 0.566577178 0.021808278 0.823720038 114.893913336
0.820177870 -0.007576460 -0.572058440 -102.985177769 -0.005539012 0.999760282 -0.021182484 -2.699728886 0.572081796 0.020542043 0.819939292 115.198498120
0.815854996 -0.001998205 -0.578253087 -103.191673845 -0.007444723 0.999874855 -0.013958886 -2.720465014 0.578208614 0.015693361 0.815738020 115.492689408
0.810732440 -0.000533838 -0.585416625 -103.383134509 -0.006638891 0.999926895 -0.010105903 -2.731469335 0.585379224 0.012079700 0.810669628 115.764008219
0.804875627 -0.003535022 -0.593433002 -103.573717550 -0.002689053 0.999950267 -0.009603778 -2.734452855 0.593437439 0.009325620 0.804826093 116.023306388
0.797570140 -0.005828059 -0.603198064 -103.752925165 0.000414408 0.999958385 -0.009113585 -2.742404206 0.603226076 0.007018753 0.797539364 116.258870194
0.788607822 -0.007358116 -0.614852471 -103.936630327 0.002703068 0.999960222 -0.008499865 -2.746998429 0.614890557 0.005041072 0.788596342 116.482116453
0.778057414 -0.007286298 -0.628150914 -104.110878765 0.002786973 0.999962928 -0.008147092 -2.751947269 0.628186990 0.004588266 0.778048876 116.679008786
0.765501569 -0.005979040 -0.643406247 -104.286092546 0.000236844 0.999959375 -0.009010625 -2.758752675 0.643433984 0.006745260 0.765471887 116.860020468
0.751253264 -0.007593882 -0.659970353 -104.452943873 0.000009386 0.999933931 -0.011494954 -2.772110579 0.660014041 0.008629427 0.751203700 117.022597807
0.735958953 -0.010443236 -0.676945610 -104.612903517 -0.001801780 0.999847272 -0.017383489 -2.773435438 0.677023762 0.014013242 0.735827735 117.174175885
0.720601316 -0.014015828 -0.693207978 -104.771852658 -0.002487017 0.999736981 -0.022798769 -2.782562991 0.693345194 0.018152843 0.720376926 117.314244357
0.705436120 -0.014053484 -0.708634165 -104.939697265 -0.007709582 0.999592114 -0.027498491 -2.780503731 0.708731573 0.024861702 0.705040036 117.438415358
0.689354996 -0.010607529 -0.724346029 -105.109574121 -0.015844127 0.999432839 -0.029714722 -2.784562782 0.724250408 0.031960623 0.688795953 117.563982330
0.671252327 -0.009701513 -0.741165430 -105.273984257 -0.018799286 0.999369871 -0.030107266 -2.782041804 0.740990486 0.034142954 0.670646970 117.693432559
0.651936487 -0.010855726 -0.758195865 -105.436674781 -0.016969335 0.999438232 -0.028900918 -2.786414158 0.758083675 0.031707643 0.651386035 117.821286133
0.631526782 -0.011286182 -0.775271917 -105.606213370 -0.015141328 0.999523863 -0.026884712 -2.795452117 0.775206207 0.028717062 0.631055201 117.942051548
0.608859703 -0.009398628 -0.793222244 -105.789159244 -0.016515430 0.999562901 -0.024520365 -2.799912133 0.793105985 0.028029868 0.608438348 118.052037675
0.584152785 -0.004824058 -0.811629381 -105.971939127 -0.021266271 0.999548055 -0.021246926 -2.804067943 0.811365065 0.029671781 0.583786190 118.152659303
0.558913646 -0.000691590 -0.829225577 -106.156646956 -0.024332018 0.999555374 -0.017233887 -2.810120552 0.828868801 0.029808986 0.558648311 118.251708117
0.532504467 0.001608488 -0.846425665 -106.341887721 -0.027378233 0.999507670 -0.015324837 -2.807666987 0.845984294 0.031334183 0.532286336 118.346859378
0.506310074 0.004821909 -0.862338018 -106.537142232 -0.031657390 0.999414249 -0.012998813 -2.812075135 0.861770224 0.033880801 0.506166152 118.425913889
0.478859330 0.008927249 -0.877846254 -106.731918866 -0.036728170 0.999276523 -0.009872841 -2.817488632 0.877123015 0.036969389 0.478840768 118.501726675
0.450146137 0.012006432 -0.892874180 -106.927378458 -0.039804802 0.999185467 -0.006631758 -2.827358405 0.892067280 0.038525941 0.450257392 118.575124550
0.419399088 0.010841527 -0.907737223 -107.130734985 -0.040119778 0.999173061 -0.006602832 -2.825597039 0.906914995 0.039187438 0.419487230 118.647824431
0.386716770 0.008164338 -0.922162395 -107.337906968 -0.041034488 0.999122735 -0.008362463 -2.838738585 0.921285141 0.041074366 0.386712536 118.705661549
0.351282058 0.003491697 -0.936263170 -107.568102243 -0.041412923 0.999072293 -0.011812019 -2.839092497 0.935353348 0.042922745 0.351100772 118.766835272
0.311524604 0.001029462 -0.950237529 -107.822652485 -0.042357062 0.999020489 -0.012803971 -2.839507912 0.949293580 0.044238022 0.311263067 118.820842305
0.268757589 -0.000291287 -0.963207804 -108.096347642 -0.042832454 0.999007125 -0.012253373 -2.837068223 0.962255028 0.044549741 0.268478270 118.875944359
0.224774903 -0.002628708 -0.974407170 -108.385401264 -0.043351057 0.998979238 -0.012695160 -2.834139377 0.973445904 0.045095134 0.224431504 118.907325997
0.175657715 -0.006677041 -0.984428659 -108.703423201 -0.043570637 0.998944390 -0.014550076 -2.818230467 0.983486638 0.045448017 0.175181366 118.949906516
0.125716658 -0.009127986 -0.992024194 -109.025397114 -0.044004855 0.998922157 -0.014768078 -2.815952897 0.991089751 0.045510474 0.125179479 118.964417557
0.074868568 -0.009565022 -0.997147536 -109.353688579 -0.044241097 0.998937543 -0.012903935 -2.814333299 0.996211535 0.045081000 0.074365856 118.958032909
0.021798598 -0.008249603 -0.999728346 -109.703940126 -0.044403123 0.998971226 -0.009211544 -2.817654550 0.998775843 0.044591860 0.021409864 118.941150741
-0.032634380 -0.006327066 -0.999447330 -110.075879603 -0.042960057 0.999064667 -0.004921893 -2.816046400 0.998543655 0.042775691 -0.032875667 118.910747336
-0.087331314 -0.004278120 -0.996170136 -110.453589225 -0.040344330 0.999185551 -0.000754201 -2.817142422 0.995362033 0.040123951 -0.087432785 118.855652111
-0.141830965 -0.002974144 -0.989886424 -110.844661766 -0.037722884 0.999285351 0.002402553 -2.816208898 0.989171856 0.037682127 -0.141841798 118.779147373
-0.194996056 -0.002715639 -0.980800267 -111.229330998 -0.037219263 0.999296384 0.004632831 -2.802209579 0.980097579 0.037408047 -0.194959927 118.673945815
-0.246938510 -0.001685704 -0.969029685 -111.634713840 -0.036623016 0.999300296 0.007594307 -2.798534164 0.968338849 0.037364117 -0.246827462 118.546556834
-0.296865075 -0.000066512 -0.954919432 -112.047904330 -0.033951754 0.999368469 0.010485303 -2.799334613 0.954315674 0.035533910 -0.296679854 118.398652227
-0.344870162 0.002435151 -0.938647240 -112.442205198 -0.028790226 0.999498700 0.013170891 -2.804145778 0.938208769 0.031566114 -0.344627170 118.223366133
-0.391427534 0.004464247 -0.920198107 -112.853628222 -0.024190120 0.999592738 0.015139248 -2.803674213 0.919890930 0.028185621 -0.391160130 118.023237315
-0.435300632 0.006872099 -0.900258926 -113.265511747 -0.019715211 0.999658300 0.017163723 -2.803408873 0.900069259 0.025220175 -0.435016405 117.795523657
-0.476439822 0.008900072 -0.879162036 -113.664961595 -0.015664625 0.999704111 0.018609413 -2.790842684 0.879067526 0.022638009 -0.476159432 117.543513511
-0.514592827 0.009618052 -0.857380729 -114.089223612 -0.013658839 0.999718252 0.019412709 -2.778373259 0.857325876 0.021700466 -0.514316470 117.265685270
-0.547224298 0.009660469 -0.836930249 -114.517906089 -0.013254431 0.999707981 0.020205740 -2.769978406 0.836881047 0.022150106 -0.546936455 116.941016437
-0.574750076 0.009879020 -0.818269366 -114.960340229 -0.012723944 0.999698365 0.021006686 -2.761346313 0.818230072 0.022485208 -0.574451011 116.598415200
-0.596843490 0.008732453 -0.802310160 -115.414407238 -0.013753138 0.999682523 0.021111725 -2.746049327 0.802239802 0.023634678 -0.596533907 116.234698190
-0.614016090 0.006799241 -0.789264222 -115.877515967 -0.015347596 0.999670987 0.020551641 -2.732915086 0.789144279 0.024732347 -0.613709718 115.853152794
-0.627176003 0.006046757 -0.778854093 -116.351594049 -0.016587245 0.999639386 0.021117817 -2.720779784 0.778700921 0.026163632 -0.626849535 115.445602295
-0.637920865 0.007296098 -0.770067359 -116.836642532 -0.014497318 0.999664142 0.021480965 -2.698434377 0.769965452 0.024867067 -0.637600840 115.030774092
-0.647093643 0.008550232 -0.762362584 -117.323792288 -0.013304407 0.999658214 0.022504393 -2.686356130 0.762294437 0.024705232 -0.646758720 114.598563409
-0.654596149 0.009937787 -0.755913435 -117.827738704 -0.011961620 0.999652262 0.023500524 -2.675333500 0.755884119 0.024425302 -0.654249649 114.147602548
-0.660797671 0.009958040 -0.750498018 -118.336256830 -0.012482935 0.999627876 0.024254599 -2.663144064 0.750460268 0.025395801 -0.660427467 113.692637657
-0.666028611 0.010127415 -0.745857443 -118.854453757 -0.012562056 0.999613738 0.024790518 -2.649218722 0.745820410 0.025880697 -0.665644128 113.213628583
-0.670164396 0.010109309 -0.742143843 -119.385511222 -0.012522670 0.999610898 0.024924579 -2.632691011 0.742107044 0.025997187 -0.669777039 112.719204040
-0.673439162 0.011113108 -0.739159113 -119.935752446 -0.011460877 0.999609867 0.025470802 -2.619637876 0.739153802 0.025624447 -0.673049065 112.211504041
-0.675808843 0.011584483 -0.736985894 -120.487764420 -0.010941078 0.999608656 0.025745442 -2.604526210 0.736995726 0.025462418 -0.675417623 111.704784901
-0.676579836 0.012561459 -0.736262137 -121.045483476 -0.010003556 0.999605433 0.026247047 -2.593801296 0.736301334 0.025123462 -0.676187221 111.190118979
-0.677164388 0.011553384 -0.735741062 -121.619130745 -0.010481140 0.999623847 0.025343825 -2.572764305 0.735757118 0.024873341 -0.676788578 110.657905715
-0.677823498 0.011707322 -0.735131447 -122.206713970 -0.009162986 0.999661044 0.024368759 -2.555945228 0.735167563 0.023253717 -0.677486471 110.104662213
-0.678488336 0.010995709 -0.734528878 -122.810158452 -0.009129376 0.999684547 0.023397876 -2.546468992 0.734554445 0.022580976 -0.678173921 109.549418055
-0.679266501 0.011747607 -0.733797665 -123.415497230 -0.008811608 0.999669251 0.024160818 -2.531858229 0.733838794 0.022877572 -0.678938319 108.986163772
-0.679950709 0.012172747 -0.733156776 -124.047616578 -0.010556122 0.999596078 0.026386543 -2.518317221 0.733181834 0.025680841 -0.679547565 108.393293488
-0.680800166 0.013298482 -0.732348472 -124.676710914 -0.011369471 0.999522857 0.028719216 -2.507936090 0.732380959 0.027878462 -0.680324130 107.801995566
-0.681367604 0.013145500 -0.731823328 -125.314920010 -0.010933334 0.999544366 0.028134017 -2.490263912 0.731859720 0.027170876 -0.680913426 107.197376683
-0.682121738 0.011609171 -0.731146471 -125.961889632 -0.010443473 0.999617325 0.025615180 -2.468186901 0.731164050 0.025108380 -0.681739467 106.589138867
-0.682751460 0.011747628 -0.730556251 -126.622770594 -0.008852195 0.999664352 0.024347932 -2.453245310 0.730597072 0.023090612 -0.682418304 105.971152290
-0.683686727 0.013358286 -0.729653353 -127.294665547 -0.006268522 0.999688074 0.024175624 -2.439058154 0.729748700 0.021102401 -0.683389731 105.341761518
-0.684609944 0.014522448 -0.728764930 -127.982294103 -0.003811685 0.999716510 0.023502569 -2.425206740 0.728899647 0.018867914 -0.684360509 104.697049624
-0.686025760 0.012894991 -0.727462973 -128.664272191 -0.003539015 0.999771963 0.021059362 -2.416711743 0.727568645 0.017021767 -0.685823685 104.056513651
-0.687398413 0.009308927 -0.726220879 -129.362193744 -0.004088670 0.999852411 0.016686519 -2.411362228 0.726269030 0.014439564 -0.687258899 103.406372685
-0.688636923 0.005659779 -0.725084240 -130.065661437 -0.005671818 0.999896901 0.013191596 -2.405250943 0.725084146 0.013196765 -0.688533824 102.747202205
-0.688637607 0.003192148 -0.725098653 -130.768959075 -0.008289847 0.999890297 0.012274878 -2.398302650 0.725058291 0.014463899 -0.688535599 102.065942509
-0.688563326 0.003748375 -0.725166530 -131.473388127 -0.009372820 0.999857111 0.014067968 -2.397819745 0.725115643 0.016483543 -0.688429805 101.388526618
-0.688342277 0.005102157 -0.725368098 -132.179582163 -0.010351441 0.999804350 0.016855571 -2.396269420 0.725312179 0.019111007 -0.688154788 100.700828821
-0.688610384 0.007108212 -0.725096692 -132.894374159 -0.009784229 0.999769841 0.019092760 -2.389300374 0.725065520 0.020241985 -0.688382346 100.015942909
-0.688360339 0.009667806 -0.725304472 -133.589877509 -0.007981651 0.999749688 0.020901067 -2.382303477 0.725324987 0.020176592 -0.688110869 99.325753642
-0.688063698 0.010487446 -0.725574504 -134.288340732 -0.007599511 0.999736580 0.021656813 -2.375320617 0.725610498 0.020415278 -0.687802749 98.644203543
-0.688258159 0.011122890 -0.725380581 -134.999941667 -0.007110786 0.999730994 0.022076624 -2.368830913 0.725431005 0.020352442 -0.687993921 97.964984692
-0.688666742 0.009986602 -0.725009232 -135.727520706 -0.008799944 0.999716386 0.022129371 -2.357131173 0.725024606 0.021619802 -0.688383545 97.270127286
-0.688881293 0.010208307 -0.724802287 -136.452428536 -0.009079969 0.999700860 0.022710019 -2.347123693 0.724817300 0.022225690 -0.688582530 96.581239009
-0.688840312 0.010995725 -0.724829717 -137.161773985 -0.008845002 0.999683034 0.023571099 -2.325232818 0.724859153 0.022647844 -0.688524716 95.886364997
-0.689093857 0.011505116 -0.724580767 -137.890348593 -0.008869709 0.999665161 0.024308299 -2.316399299 0.724617819 0.023177521 -0.688761075 95.179072704
-0.689799079 0.011466195 -0.723910048 -138.605928064 -0.008144451 0.999688423 0.023595000 -2.303114397 0.723955039 0.022171660 -0.689490768 94.497114500
-0.690187705 0.011185631 -0.723543926 -139.318549455 -0.007570186 0.999714199 0.022676278 -2.294871554 0.723590785 0.021128250 -0.689905771 93.803272070
-0.691359641 0.011596781 -0.722417719 -140.036808527 -0.006080032 0.999742395 0.021867241 -2.280404827 0.722485211 0.019510451 -0.691111035 93.119051612
-0.691756500 0.011942459 -0.722032078 -140.756260437 -0.005533700 0.999746218 0.021837536 -2.272771640 0.722109633 0.019101767 -0.691514859 92.391584992
-0.692665980 0.011243844 -0.721170865 -141.470999609 -0.006125872 0.999750705 0.021470950 -2.270436114 0.721232496 0.019289997 -0.692424423 91.697267217
-0.693123653 0.010324394 -0.720744760 -142.175175591 -0.006983855 0.999754298 0.021037312 -2.272423979 0.720784869 0.019615035 -0.692881247 91.007094820
-0.693873166 0.009155196 -0.720039035 -142.883203587 -0.007643776 0.999769198 0.020077931 -2.267367948 0.720056666 0.019435354 -0.693643038 90.325918238
-0.694181278 0.008393106 -0.719751283 -143.592562360 -0.008481612 0.999767217 0.019838698 -2.260489748 0.719750245 0.019876304 -0.693948497 89.638148416
-0.694424887 0.006361451 -0.719537080 -144.300179054 -0.011483971 0.999735584 0.019921870 -2.252119616 0.719473554 0.022097385 -0.694168215 88.947829760
-0.693467512 0.005231447 -0.720468904 -144.992546477 -0.012910446 0.999722857 0.019685752 -2.250195871 0.720372216 0.022953004 -0.693207783 88.266280726
-0.692304238 0.003742695 -0.721596032 -145.693724613 -0.013830089 0.999734054 0.018453994 -2.248567029 0.721473195 0.022755516 -0.692068361 87.575711371
-0.690809964 0.001301007 -0.723035200 -146.392180976 -0.015504357 0.999741791 0.016612241 -2.240831585 0.722870118 0.022686097 -0.690611420 86.886636797
-0.689475099 0.002043411 -0.724306505 -147.102555430 -0.014887548 0.999744782 0.016992093 -2.242119988 0.724156371 0.022498773 -0.689268711 86.213997328
-0.688610499 0.004440617 -0.725117826 -147.817830356 -0.013108421 0.999741613 0.018570866 -2.238101033 0.725012931 0.022293243 -0.688374361 85.533060258
-0.687411423 0.009748578 -0.726202796 -148.533721340 -0.010581299 0.999669348 0.023435686 -2.232846346 0.726191140 0.023794127 -0.687080976 84.847805387
-0.686889348 0.015971200 -0.726586501 -149.246263258 -0.008413241 0.999516766 0.029924101 -2.223938490 0.726713314 0.026667494 -0.686423050 84.177909819
-0.686765333 0.017780345 -0.726661707 -149.952664030 -0.007278395 0.999482448 0.031334653 -2.208921515 0.726842763 0.026808484 -0.686280484 83.508869999
-0.686814715 0.014673827 -0.726684406 -150.660953960 -0.007026733 0.999615414 0.026826291 -2.195098450 0.726798577 0.023530909 -0.686447467 82.837185701
-0.686919476 0.011306173 -0.726645584 -151.365704728 -0.006842428 0.999734035 0.022023615 -2.188542396 0.726701325 0.020100470 -0.686659418 82.166587377
-0.687092886 0.011791365 -0.726473901 -152.072390329 -0.006152640 0.999738029 0.022045817 -2.181634667 0.726543537 0.019617257 -0.686840340 81.512013825
-0.687352077 0.014052234 -0.726188445 -152.789682278 -0.006295664 0.999660002 0.025303066 -2.173580589 0.726297107 0.021963954 -0.687029910 80.826038905
-0.687606387 0.015809849 -0.725911500 -153.492041048 -0.005062841 0.999634214 0.026567023 -2.166885131 0.726065992 0.021942829 -0.687274827 80.161059081
-0.688030692 0.014700969 -0.725532665 -154.195504055 -0.004930612 0.999677002 0.024931521 -2.158820738 0.725664837 0.020730971 -0.687735975 79.487816527
-0.688695072 0.014138604 -0.724913234 -154.897617199 -0.004016891 0.999720108 0.023314597 -2.154855604 0.725039973 0.018968546 -0.688445519 78.819889413
-0.689616487 0.014699038 -0.724025579 -155.604731052 -0.004402293 0.999690416 0.024488612 -2.145513407 0.724161392 0.020075123 -0.689338283 78.147382994
-0.689996202 0.018028662 -0.723588425 -156.295953470 -0.003913554 0.999582213 0.028637091 -2.139785147 0.723802408 0.022591286 -0.689637374 77.480823617
-0.690572944 0.020229280 -0.722979796 -156.994650079 -0.003407524 0.999506685 0.031221404 -2.123620746 0.723254725 0.024024227 -0.690163342 76.806755346
-0.690930661 0.021224953 -0.722609385 -157.676693099 -0.002398727 0.999496090 0.031651418 -2.111068629 0.722917055 0.023602277 -0.690531581 76.143249425
-0.691502692 0.020963110 -0.722069646 -158.357014121 -0.001092612 0.999547343 0.030065196 -2.103329952 0.722373056 0.021579106 -0.691166774 75.482402976
-0.692112876 0.019576353 -0.721523758 -159.046842002 -0.000907746 0.999607733 0.027992061 -2.092531965 0.721788711 0.020028626 -0.691823613 74.816041460
-0.692271566 0.017005318 -0.721436691 -159.734008465 -0.003349198 0.999635830 0.026776681 -2.079411709 0.721629311 0.020952969 -0.691962507 74.152755988
-0.691835153 0.014820766 -0.721903364 -160.410589272 -0.005494805 0.999652309 0.025788926 -2.068170291 0.722034576 0.021808404 -0.691513170 73.493163046
-0.691143096 0.013444856 -0.722592871 -161.085978376 -0.006971560 0.999656400 0.025268146 -2.056354890 0.722684314 0.022501504 -0.690811888 72.826178168
-0.690642150 0.012523670 -0.723088223 -161.757974700 -0.008028656 0.999655658 0.024982133 -2.042688208 0.723152101 0.023059141 -0.690303784 72.170839265
-0.690160233 0.011763493 -0.723560967 -162.436071922 -0.009597204 0.999631147 0.025405962 -2.034952013 0.723592942 0.024478347 -0.689792769 71.516071885
-0.689611506 0.012097635 -0.724078462 -163.114243974 -0.008905941 0.999643170 0.025183676 -2.028593588 0.724124751 0.023815553 -0.689257690 70.869333080
-0.689624300 0.010701472 -0.724088257 -163.794475729 -0.009932999 0.999656956 0.024234392 -2.027057942 0.724099207 0.023904994 -0.689281430 70.223531637
-0.688996335 0.009919600 -0.724696938 -164.472823114 -0.009610808 0.999693368 0.022821084 -2.019881173 0.724701099 0.022688567 -0.688689731 69.563807336
-0.688778207 0.010550826 -0.724895345 -165.150683849 -0.008343190 0.999712518 0.022478281 -2.010475560 0.724924115 0.021530490 -0.688492168 68.915125080
-0.688224703 0.014022513 -0.725362066 -165.827017845 -0.004827250 0.999702554 0.023906095 -2.003569834 0.725481534 0.019954269 -0.687952303 68.274423569
-0.687985750 0.014146608 -0.725586302 -166.502101914 -0.004501365 0.999707576 0.023759195 -1.996260573 0.725710235 0.019612116 -0.687720888 67.632740087
-0.687597825 0.011530661 -0.726000190 -167.151814948 -0.005572331 0.999760653 0.021156225 -1.995986847 0.726070369 0.018592488 -0.687368998 67.008456707
-0.687603984 0.009192106 -0.726027731 -167.826014661 -0.004442082 0.999847893 0.016865886 -1.985347716 0.726072331 0.014822125 -0.687458562 66.378498662
-0.686814986 0.008343137 -0.726784402 -168.472427840 -0.003538456 0.999883886 0.014822047 -1.985003400 0.726823674 0.012751699 -0.686705716 65.761013106
-0.686297301 0.007146769 -0.727286008 -169.122007308 -0.006469048 0.999852188 0.015929637 -1.986842423 0.727292352 0.015637315 -0.686149626 65.144928495
-0.685868958 0.007545934 -0.727685943 -169.766142356 -0.007109111 0.999829048 0.017068576 -1.991260913 0.727690342 0.016880007 -0.685698062 64.532486611
-0.685979523 0.007050774 -0.727586682 -170.398489625 -0.007704648 0.999826602 0.016953007 -1.993996218 0.727580052 0.017235214 -0.685806252 63.928951165
-0.686184761 0.006241227 -0.727400523 -171.026896533 -0.007919475 0.999839834 0.016049549 -1.996562014 0.727384187 0.016773586 -0.686025430 63.336789534
-0.686460596 0.006448629 -0.727138408 -171.649790085 -0.007169947 0.999852042 0.015636034 -1.991986700 0.727131653 0.015947065 -0.686312793 62.760527042
-0.686502731 0.005765646 -0.727104365 -172.262245317 -0.007814694 0.999852306 0.015306748 -1.998015628 0.727085230 0.016190222 -0.686356282 62.175415575
-0.686863565 0.004937909 -0.726769606 -172.902613769 -0.008957079 0.999843462 0.015258518 -1.992305099 0.726731184 0.016990254 -0.686711816 61.584329715
-0.687211144 0.004453664 -0.726444085 -173.491642458 -0.009354746 0.999844042 0.014979344 -1.994085911 0.726397503 0.017089672 -0.687062305 61.031730400
-0.687779989 0.005358376 -0.725899424 -174.084634090 -0.008767323 0.999838506 0.015687435 -1.997256136 0.725866255 0.017153698 -0.687621938 60.489002847
-0.688088150 0.006871802 -0.725594568 -174.667246126 -0.008415784 0.999812326 0.017449570 -1.998463632 0.725578302 0.018113289 -0.687901182 59.936728662
-0.688374172 0.009041605 -0.725299420 -175.238517900 -0.007904503 0.999769427 0.019965239 -2.000682611 0.725312703 0.019476687 -0.688143983 59.395293603
-0.688810457 0.010915504 -0.724859301 -175.803490341 -0.006748084 0.999746774 0.021467464 -2.004206975 0.724910076 0.019678426 -0.688562373 58.872702547
-0.689158946 0.013282007 -0.724488465 -176.342532266 -0.005084255 0.999718748 0.023164110 -2.014974321 0.724592367 0.019647238 -0.688897589 58.357183075
-0.689816869 0.015060596 -0.723827234 -176.889266148 -0.003128002 0.999712276 0.023781934 -2.010340276 0.723977142 0.018669313 -0.689571283 57.843668079
-0.690367306 0.016161355 -0.723278503 -177.416352227 -0.001339025 0.999720197 0.023616425 -2.010902699 0.723457801 0.017272496 -0.690152498 57.342915411
-0.691410118 0.016406914 -0.722276167 -177.922962117 -0.001615901 0.999704481 0.024255702 -2.016706805 0.722460682 0.017937765 -0.691179282 56.857745974
-0.692457980 0.017538788 -0.721244991 -178.439020916 0.000164021 0.999708265 0.024152811 -2.015433608 0.721458189 0.016606507 -0.692258842 56.367193940
-0.694743483 0.017848414 -0.719036110 -178.944694783 0.001952107 0.999735168 0.022929965 -2.020191265 0.719254950 0.014526808 -0.694594334 55.885517553
-0.698595146 0.018782615 -0.715270603 -179.438121016 0.004820007 0.999756252 0.021545417 -2.019067286 0.715500936 0.011603914 -0.698515397 55.420021710
-0.703643589 0.020286293 -0.710263448 -179.898641839 0.007546440 0.999749345 0.021078381 -2.020083884 0.710513019 0.009471707 -0.703620307 54.953308431
-0.711053275 0.022290333 -0.702784733 -180.359766337 0.010242520 0.999719697 0.021345239 -2.031407832 0.703063532 0.007979315 -0.711082274 54.479317709
-0.719409668 0.024551060 -0.694151983 -180.793246356 0.012955907 0.999675565 0.021929622 -2.028854804 0.694465171 0.006783013 -0.719494348 54.016972163
-0.728675066 0.025848293 -0.684371620 -181.209396490 0.014595709 0.999646657 0.022215461 -2.028313291 0.684704034 0.006198964 -0.728794868 53.549496260
-0.740072464 0.027955460 -0.671945862 -181.617999594 0.017161072 0.999595341 0.022685921 -2.030231615 0.672308148 0.005257914 -0.740252733 53.086888706
-0.753641086 0.031048490 -0.656552438 -182.024022964 0.021305483 0.999512747 0.022811086 -2.032403064 0.656940781 0.003203205 -0.753935375 52.627072908
-0.768376594 0.033677193 -0.639111302 -182.381885528 0.024860765 0.999431464 0.022774776 -2.034611722 0.639514935 0.001610809 -0.768776985 52.182148833
-0.785247213 0.034578309 -0.618216107 -182.736008859 0.025726926 0.999399277 0.023220910 -2.029765766 0.618647670 0.002329355 -0.785665090 51.711434518
-0.803207534 0.033361911 -0.594764357 -183.062318504 0.023455312 0.999427446 0.024384996 -2.024949686 0.595237352 0.005635829 -0.803530169 51.235640747
-0.821604597 0.032340503 -0.569139683 -183.362589539 0.021267219 0.999433345 0.026090137 -2.020850616 0.569660945 0.009331758 -0.821826822 50.758526340
-0.840915558 0.030018254 -0.540333165 -183.637205063 0.018257442 0.999465673 0.027111509 -2.015403329 0.540858290 0.012933388 -0.841014291 50.280417353
-0.861410122 0.028011542 -0.507137017 -183.909062351 0.016335798 0.999489445 0.027458889 -1.997655667 0.507647262 0.015368877 -0.861427916 49.795037904
-0.881660165 0.029217912 -0.470979476 -184.130235478 0.017418899 0.999416159 0.029392585 -1.992064206 0.471563289 0.017710327 -0.881654359 49.319006803
-0.902609289 0.024910725 -0.429739371 -184.334435112 0.012923612 0.999442309 0.030790430 -1.994989482 0.430266721 0.022237944 -0.902427849 48.836876337
-0.922152103 0.017151010 -0.386447075 -184.495554981 0.006145768 0.999540094 0.029695632 -1.991573635 0.386778656 0.025008875 -0.921833405 48.359653211
-0.939450710 0.004890343 -0.342649161 -184.622196362 -0.004985760 0.999597280 0.027936005 -1.986132773 0.342647786 0.027952866 -0.939047992 47.886112942
-0.954605622 -0.003856805 -0.297847665 -184.734553176 -0.012325942 0.999571189 0.026561437 -1.980907016 0.297617503 0.029026950 -0.954243815 47.396098090
-0.967941513 -0.011082328 -0.250931085 -184.822397867 -0.017809862 0.999539818 0.024555256 -1.986558895 0.250543481 0.028237100 -0.967693459 46.929958510
-0.979308530 -0.013380870 -0.201930075 -184.889170251 -0.018603696 0.999539114 0.023988775 -1.979319020 0.201516017 0.027249057 -0.979106115 46.452347918
-0.988336823 -0.014378216 -0.151603401 -184.940738705 -0.018461560 0.999502773 0.025561254 -1.972755007 0.151160494 0.028061964 -0.988110840 45.975633402
-0.994816948 -0.014203157 -0.100685202 -184.973209895 -0.017159795 0.999444776 0.028560148 -1.963099489 0.100223655 0.030139856 -0.994508325 45.492977967
-0.998552538 -0.021642008 -0.049238719 -184.964621189 -0.023321975 0.999156331 0.033804029 -1.959316827 0.048465591 0.034903443 -0.998214825 45.020353684
-0.999483292 -0.032093183 0.001782083 -184.923123642 -0.031996250 0.998686575 0.040017070 -1.943708845 -0.003064018 0.039939373 -0.999197407 44.537783482
-0.997954932 -0.035289578 0.053297275 -184.863807002 -0.032903526 0.998444898 0.045001600 -1.926539070 -0.054802480 0.043155900 -0.997564162 44.066804449
-0.993840742 -0.032171323 0.106045202 -184.795636663 -0.027415348 0.998564916 0.046005520 -1.910645726 -0.107373077 0.042814894 -0.993296485 43.619983695
-0.987081048 -0.024604184 0.158321317 -184.713050693 -0.017573226 0.998802579 0.045657303 -1.896402372 -0.159255100 0.042285242 -0.986331471 43.165322984
-0.977612100 -0.021771070 0.209285936 -184.596926618 -0.012825631 0.998948965 0.044005327 -1.880906675 -0.210024012 0.040335916 -0.976863823 42.736842173
-0.965719067 -0.021190463 0.258723111 -184.449788023 -0.010394385 0.999019910 0.043025297 -1.864149321 -0.259381265 0.038861082 -0.964992837 42.315744194
-0.951319168 -0.022007316 0.307420752 -184.288265061 -0.009680752 0.999088924 0.041564467 -1.847704403 -0.308055391 0.036565010 -0.950665491 41.898740745
-0.934392811 -0.021315730 0.355606123 -184.100513926 -0.007573406 0.999171284 0.039992364 -1.818053887 -0.356163893 0.034675428 -0.933779897 41.503195523
-0.915008233 -0.017254227 0.403066031 -183.898451440 -0.001334540 0.999209003 0.039744020 -1.790818294 -0.403432960 0.035828197 -0.914307491 41.102641812
-0.894702308 -0.015653114 0.446388576 -183.679899341 0.001977683 0.999237126 0.039003261 -1.769755168 -0.446658561 0.035779123 -0.893988806 40.708167831
-0.873797980 -0.020592851 0.485852884 -183.422351910 -0.000350759 0.999129396 0.041717216 -1.756891454 -0.486288975 0.036282002 -0.873044471 40.324254588
-0.852395607 -0.025780889 0.522261501 -183.148244276 -0.001672614 0.998913145 0.046580382 -1.738221790 -0.522894762 0.038831371 -0.851512297 39.942399602
-0.832004700 -0.026720052 0.554124732 -182.869926626 0.001756861 0.998707513 0.050795844 -1.720575214 -0.554765800 0.043235901 -0.830882401 39.567504814
-0.812801395 -0.025163665 0.581997150 -182.581508011 0.007399777 0.998540005 0.053507951 -1.704290026 -0.582493894 0.047797986 -0.811428504 39.190134611
-0.794949757 -0.026704004 0.606087271 -182.277891183 0.008234290 0.998463828 0.054792156 -1.688076840 -0.606619386 0.048547709 -0.793508689 38.828355078
-0.779039889 -0.028372885 0.626332046 -181.955913000 0.008986788 0.998367581 0.056404004 -1.670874655 -0.626909953 0.049569682 -0.777513188 38.464735520
-0.765282701 -0.029288815 0.643027645 -181.628180527 0.008788899 0.998395723 0.055935107 -1.647292356 -0.643634324 0.048457674 -0.763797559 38.101769855
-0.754499711 -0.029647512 0.655630392 -181.288574456 0.008885674 0.998426126 0.055374323 -1.625619110 -0.656240223 0.047605629 -0.753048786 37.745106653
-0.745403720 -0.030130664 0.665932007 -180.946616903 0.008758946 0.998449042 0.054979913 -1.612574962 -0.666555756 0.046815095 -0.743983717 37.388532721
-0.737945887 -0.032045435 0.674098626 -180.597255693 0.006292105 0.998501847 0.054355042 -1.596268184 -0.674830555 0.044352579 -0.736638698 37.022584181
-0.732000237 -0.032275774 0.680539438 -180.232404586 0.004389356 0.998633103 0.052083192 -1.574428881 -0.681290236 0.041112039 -0.730857999 36.652907596
-0.727163865 -0.030239576 0.685797551 -179.872169799 0.006191687 0.998699712 0.050601853 -1.552303477 -0.686435996 0.041042082 -0.726031109 36.278324461
-0.723256849 -0.028931649 0.689972818 -179.496971036 0.007845644 0.998713303 0.050101739 -1.527000751 -0.690534558 0.041649707 -0.722099249 35.890728489
-0.720408470 -0.026666229 0.693037191 -179.117916395 0.010892061 0.998702326 0.049749650 -1.507774987 -0.693464490 0.043388673 -0.719183165 35.497364329
-0.718005074 -0.027755364 0.695484258 -178.718058134 0.007951036 0.998812367 0.048069076 -1.481237058 -0.695992453 0.040043661 -0.716931664 35.098459096
-0.715773662 -0.030492881 0.697666288 -178.329775442 0.003323666 0.998886148 0.047068217 -1.466731400 -0.698324437 0.036009000 -0.714875047 34.704327765
-0.714441606 -0.032650511 0.698932855 -177.912398609 0.000258583 0.998898257 0.046927656 -1.438508346 -0.699695023 0.033707802 -0.713646032 34.287746570
-0.713683079 -0.031071352 0.699779275 -177.494363607 0.003259766 0.998857560 0.047675453 -1.412336901 -0.700461160 0.036306281 -0.712766453 33.856429121
-0.713872774 -0.027605939 0.699731073 -177.064576681 0.007778146 0.998848449 0.047342124 -1.385867764 -0.700232221 0.039238864 -0.712835990 33.410661667
-0.714398216 -0.026361073 0.699242649 -176.628963907 0.008867982 0.998868800 0.046717007 -1.371086203 -0.699683176 0.039575417 -0.713356320 32.966407589
-0.714486100 -0.026386480 0.699151891 -176.179518490 0.004488491 0.999095148 0.042293483 -1.344786743 -0.699635238 0.033356243 -0.713721160 32.523469210
-0.714591774 -0.023284875 0.699154068 -175.726584833 0.002080548 0.999370708 0.035409884 -1.318460286 -0.699538611 0.026758236 -0.714093642 32.070758719
-0.714488758 -0.020474312 0.699347279 -175.249824313 0.001332426 0.999530092 0.030623833 -1.286799131 -0.699645653 0.022812212 -0.714125734 31.575584521
-0.714902647 -0.018878506 0.698969103 -174.766664462 0.003388481 0.999530179 0.030462105 -1.265182182 -0.699215791 0.024145883 -0.714502802 31.078355143
-0.714956897 -0.021347921 0.698842544 -174.269285126 0.002015843 0.999466655 0.032593574 -1.245793784 -0.699165626 0.024711757 -0.714532544 30.567080505
-0.715187083 -0.027660366 0.698385524 -173.748842460 -0.004486800 0.999377704 0.034986767 -1.223686233 -0.698918668 0.021888568 -0.714866131 30.053669637
-0.714976365 -0.031017649 0.698460238 -173.219131762 -0.007949960 0.999311490 0.036240087 -1.203266560 -0.699103423 0.020358075 -0.714730685 29.527788902
-0.714347624 -0.032791632 0.699022303 -172.686327148 -0.009091947 0.999252097 0.037584346 -1.175344965 -0.699731955 0.020492814 -0.714111501 28.978207785
-0.714289955 -0.035637726 0.698941923 -172.134437798 -0.010074290 0.999122745 0.040647868 -1.149099591 -0.699777370 0.021993020 -0.714022366 28.420624088
-0.715058136 -0.037573943 0.698054483 -171.569370999 -0.008784723 0.998958611 0.044771901 -1.121126165 -0.699009793 0.025882297 -0.714643559 27.852029043
-0.714882744 -0.041319355 0.698022473 -170.986938684 -0.012274139 0.998840288 0.046555616 -1.088744561 -0.699136616 0.024714181 -0.714560845 27.264720189
-0.714442580 -0.041958942 0.698434855 -170.396540047 -0.015803166 0.998913346 0.043845024 -1.056188009 -0.699515589 0.020287270 -0.714329313 26.677317311
-0.713760231 -0.038837482 0.699312508 -169.807713932 -0.014768786 0.999073975 0.040411326 -1.018660624 -0.700234401 0.018516001 -0.713672853 26.063542401
-0.713349018 -0.037626254 0.699798145 -169.211700416 -0.012171400 0.999072227 0.041310326 -0.987016833 -0.700703243 0.020951157 -0.713145156 25.450442014
-0.713347636 -0.040686439 0.699628304 -168.601994894 -0.011140156 0.998845500 0.046728617 -0.952512284 -0.700721804 0.025539780 -0.712977330 24.806610165
-0.713743525 -0.039473776 0.699293931 -167.979837222 -0.007620377 0.998789162 0.048601858 -0.917566443 -0.700365698 0.029360378 -0.713180102 24.170234618
-0.713852762 -0.037897960 0.699269604 -167.348362987 -0.006102981 0.998833347 0.047903007 -0.888296260 -0.700269226 0.029928065 -0.713251234 23.537280482
-0.713321248 -0.032873485 0.700065805 -166.727799147 -0.003172087 0.999040515 0.043680503 -0.846148672 -0.700830033 0.028937561 -0.712741105 22.875271499
-0.713038510 -0.027055684 0.700602650 -166.083235817 0.000598466 0.999231318 0.039197135 -0.812012862 -0.701124614 0.028368353 -0.712474218 22.207557022
-0.712866854 -0.024755480 0.700862337 -165.447084297 0.001243621 0.999330586 0.036562736 -0.780731832 -0.701298298 0.026935970 -0.712358864 21.544273768
-0.713201913 -0.025031064 0.700511582 -164.792846986 -0.000053205 0.999364133 0.035655658 -0.752169370 -0.700958649 0.025392412 -0.712749744 20.873679105
-0.713683783 -0.026480749 0.699967305 -164.127145891 -0.000410941 0.999300816 0.037385963 -0.715711094 -0.700467907 0.026394110 -0.713195669 20.188892899
-0.713356072 -0.029606447 0.700176101 -163.467672421 -0.001608551 0.999173758 0.040610520 -0.680899219 -0.700799919 0.027843492 -0.712814291 19.496825112
-0.713583227 -0.029890251 0.699932533 -162.803921359 0.000091779 0.999085412 0.042758987 -0.648783780 -0.700570460 0.030576335 -0.712927850 18.805196769
-0.713680759 -0.026749417 0.699960172 -162.149431616 0.005941411 0.999003467 0.044235418 -0.624564956 -0.700445911 0.035728718 -0.712810624 18.121510202
-0.714265087 -0.022614699 0.699509800 -161.495655665 0.012848659 0.998885664 0.045413012 -0.592998853 -0.699757313 0.041424692 -0.713178587 17.451935524
-0.714323232 -0.022421854 0.699456633 -160.825454489 0.016102130 0.998695389 0.048458655 -0.560159570 -0.699630647 0.045877885 -0.713030278 16.760763795
-0.714690655 -0.023480823 0.699046436 -160.166288804 0.019621796 0.998369901 0.053595955 -0.519960135 -0.699165398 0.052021075 -0.713064902 16.089923025
-0.714648855 -0.025555647 0.699016397 -159.514497201 0.022103290 0.998008266 0.059084220 -0.486809651 -0.699134078 0.057675032 -0.712660601 15.422609775
-0.714673864 -0.021921434 0.699114239 -158.831090509 0.024917827 0.998076392 0.056768098 -0.429721300 -0.699013856 0.057991083 -0.712752877 14.712653857
-0.714807490 -0.017129446 0.699111461 -158.200039850 0.024038348 0.998507347 0.049043208 -0.399826389 -0.698908013 0.051861937 -0.713328767 14.064141740
-0.715630593 -0.011073582 0.698391173 -157.540836956 0.023323436 0.998937884 0.039738167 -0.361645951 -0.698089444 0.044726730 -0.714612236 13.407246799
-0.716032605 -0.008520484 0.698014835 -156.897400942 0.024051010 0.999030726 0.036866742 -0.335417851 -0.697652390 0.043185751 -0.715133647 12.749056254
-0.716639552 -0.010196308 0.697369191 -156.256726461 0.023743459 0.998956869 0.039005414 -0.310624999 -0.697039454 0.044510779 -0.715649907 12.089194830
-0.717078490 -0.011586112 0.696896120 -155.618156790 0.024063037 0.998854249 0.041366170 -0.288160609 -0.696576923 0.046432228 -0.715978099 11.434315085
-0.717349734 -0.012657179 0.696598274 -154.978873856 0.023775512 0.998807904 0.042632101 -0.268821016 -0.696307464 0.047144107 -0.716193653 10.770700813
-0.719375335 -0.014568572 0.694468778 -154.344173556 0.020878959 0.998874781 0.042582169 -0.238805481 -0.694307710 0.045132347 -0.718261704 10.102646496
-0.723935203 -0.017683307 0.689641300 -153.703456417 0.015987370 0.998972907 0.042397351 -0.204983840 -0.689682699 0.041718486 -0.722908945 9.435378377
-0.730442722 -0.019274490 0.682701929 -153.089134803 0.013555070 0.998995670 0.042707268 -0.184650898 -0.682839432 0.040449286 -0.729447849 8.809955284
-0.738010425 -0.017772007 0.674555238 -152.486711292 0.013757615 0.999049050 0.041372994 -0.151953392 -0.674649050 0.039813972 -0.737064113 8.131804764
-0.748088127 -0.017504104 0.663368495 -151.896786640 0.014303479 0.998994484 0.042490360 -0.134162674 -0.663445224 0.041275012 -0.747085543 7.477161452
-0.759740759 -0.016002648 0.650029148 -151.316217799 0.017488626 0.998832544 0.045029961 -0.111301012 -0.649990867 0.045579214 -0.758573931 6.793327059
-0.773093552 -0.016326833 0.634081852 -150.753705217 0.018275471 0.998680284 0.047996856 -0.093861456 -0.634028680 0.048694204 -0.771774907 6.105514223
-0.788294315 -0.014995011 0.615115617 -150.205922914 0.019180868 0.998618270 0.048924885 -0.064638579 -0.614999323 0.050365661 -0.786917488 5.377480143
-0.805442622 -0.011497057 0.592562234 -149.696482110 0.021387561 0.998596785 0.048446180 -0.033647648 -0.592287730 0.051694079 -0.804066519 4.664194451
-0.823466429 -0.008274386 0.567304658 -149.201923165 0.023595918 0.998529110 0.048814444 0.005767216 -0.566874124 0.053583130 -0.822059959 3.900429462
-0.841634181 -0.005243726 0.540022600 -148.740569240 0.025410766 0.998460798 0.049298351 0.017291531 -0.539449904 0.055213565 -0.840205489 3.143739348
-0.859052539 -0.001459298 0.511885344 -148.278472088 0.026217539 0.998558038 0.046845328 0.066275096 -0.511215587 0.053662972 -0.857775559 2.369251190
-0.875447086 0.005708539 0.483280262 -147.864159225 0.027427161 0.998905666 0.037884304 0.087277730 -0.482535128 0.046420709 -0.874645624 1.609109202
