1.000000000 0.000000000 0.000000000 0.000000000 0.000000000 1.000000000 0.000000000 0.000000000 0.000000000 0.000000000 1.000000000 0.000000000
0.999998190 0.000125139 0.001898303 -0.010582805 -0.000116587 0.999989848 -0.004504584 -0.006622920 -0.001898848 0.004504355 0.999988053 0.956085212
0.999994224 -0.001809021 0.002877358 -0.013885631 0.001823696 0.999985301 -0.005105976 -0.005893722 -0.002868079 0.005111194 0.999982825 1.898825868
0.999991661 -0.002876154 0.002899226 -0.012554966 0.002878971 0.999995387 -0.000967990 -0.008139627 -0.002896428 0.000976329 0.999995329 2.841710973
0.999979210 -0.006108884 0.002064381 -0.011544229 0.006097250 0.999965757 0.005595403 -0.013883519 -0.002098492 -0.005582700 0.999982215 3.798257174
0.999952397 -0.009742326 0.000540036 -0.007209512 0.009739149 0.999936884 0.005601549 -0.009120783 -0.000594574 -0.005596023 0.999984165 4.738347305
0.999923716 -0.012337472 -0.000590347 -0.003231489 0.012338956 0.999920542 0.002580618 -0.003243759 0.000558462 -0.002587706 0.999996496 5.673894099
0.999917583 -0.012794580 -0.001061415 -0.016357104 0.012793271 0.999917406 -0.001230516 0.005768399 0.001077072 0.001216835 0.999998680 6.592739013
0.999925819 -0.012072192 -0.001618293 -0.032001705 0.012069729 0.999925998 -0.001523102 0.001574060 0.001636560 0.001503457 0.999997531 7.550192459
0.999918560 -0.012501141 -0.002568145 -0.039412029 0.012501295 0.999921855 0.000043857 0.010259341 0.002567396 -0.000075959 0.999996701 8.472146655
0.999917547 -0.012498254 -0.002948381 -0.052597687 0.012506920 0.999917465 0.002939274 0.015231586 0.002911402 -0.002975907 0.999991334 9.385197154
0.999899212 -0.013676956 -0.003808754 -0.064680625 0.013693348 0.999896947 0.004311403 0.023108996 0.003749394 -0.004363123 0.999983452 10.304592739
0.999884325 -0.014596575 -0.004275040 -0.081898749 0.014615855 0.999882993 0.004514024 0.035676667 0.004208650 -0.004575985 0.999980674 11.226753492
0.999894474 -0.013774145 -0.004616778 -0.093522560 0.013793498 0.999896101 0.004186489 0.042830317 0.004558633 -0.004249729 0.999980579 12.118102601
0.999881586 -0.014643271 -0.004731558 -0.112741342 0.014654945 0.999889628 0.002442102 0.046813143 0.004695276 -0.002511153 0.999985824 13.031515944
0.999866963 -0.015051237 -0.006286239 -0.123148488 0.015050539 0.999886722 -0.000158327 0.059873867 0.006287910 0.000063695 0.999980229 13.945407389
0.999833455 -0.016866808 -0.006969457 -0.144856095 0.016856329 0.999856706 -0.001559543 0.065227757 0.006994763 0.001441804 0.999974497 14.838107166
0.999830562 -0.016533350 -0.008092992 -0.159877738 0.016514740 0.999860835 -0.002361023 0.061541850 0.008130902 0.002226969 0.999964464 15.731627952
0.999839431 -0.015189545 -0.009507389 -0.180412748 0.015162908 0.999880925 -0.002867485 0.055782161 0.009549813 0.002722865 0.999950692 16.633277970
0.999846218 -0.013365037 -0.011354103 -0.203491885 0.013327484 0.999905484 -0.003376695 0.062960489 0.011398160 0.003224854 0.999929839 17.525578794
0.999814221 -0.014300143 -0.012923981 -0.217589629 0.014265809 0.999894471 -0.002744906 0.062906973 0.012961870 0.002560025 0.999912714 18.401958075
0.999810274 -0.013132955 -0.014385475 -0.236371094 0.013110379 0.999912673 -0.001662576 0.068343096 0.014406053 0.001473661 0.999895141 19.283902729
0.999818763 -0.011494670 -0.015176118 -0.267861529 0.011466911 0.999932419 -0.001914903 0.074706197 0.015197103 0.001740533 0.999883002 20.175404315
0.999786156 -0.012227097 -0.016677532 -0.293167517 0.012192252 0.999923275 -0.002189390 0.076492469 0.016703022 0.001985585 0.999858523 21.055339524
0.999760954 -0.012085500 -0.018220170 -0.316743299 0.012038950 0.999923985 -0.002662365 0.072320399 0.018250961 0.002442377 0.999830454 21.929538866
0.999740394 -0.012244283 -0.019215165 -0.342518537 0.012203592 0.999923039 -0.002233470 0.069926265 0.019241033 0.001998396 0.999812877 22.789209325
0.999718842 -0.012161320 -0.020355318 -0.362307315 0.012151417 0.999925983 -0.000610132 0.075468436 0.020361232 0.000362615 0.999792623 23.646728291
0.999700525 -0.012699344 -0.020918588 -0.384480833 0.012746915 0.999916460 0.002142326 0.073513055 0.020889634 -0.002408332 0.999778887 24.486976784
0.999678635 -0.012482273 -0.022063988 -0.402665699 0.012561290 0.999915165 0.003446304 0.076848063 0.022019099 -0.003722349 0.999750621 25.328034234
0.999670036 -0.011797401 -0.022817541 -0.424550279 0.011852431 0.999927163 0.002278011 0.076937350 0.022789004 -0.002547702 0.999737051 26.150383628
0.999679958 -0.009963629 -0.023253104 -0.457669212 0.009947893 0.999950205 -0.000792268 0.084566080 0.023259840 0.000560695 0.999729296 26.935349664
0.999666475 -0.009385085 -0.024059482 -0.482170326 0.009326626 0.999953278 -0.002540813 0.087281078 0.024082204 0.002315571 0.999707300 27.724322201
0.999652402 -0.008267684 -0.025034371 -0.513292882 0.008200372 0.999962483 -0.002790264 0.085594392 0.025056501 0.002584003 0.999682697 28.518830035
0.999615880 -0.008758242 -0.026294213 -0.536509872 0.008681786 0.999957751 -0.003020489 0.077435544 0.026319556 0.002791048 0.999649684 29.290594026
0.999549984 -0.008999762 -0.028615273 -0.557185623 0.008894516 0.999953211 -0.003803130 0.070505910 0.028648161 0.003546899 0.999583264 30.071931480
0.999510777 -0.008552327 -0.030084279 -0.600484867 0.008438084 0.999956706 -0.003922320 0.068210901 0.030116521 0.003666548 0.999539670 30.818561240
0.999449218 -0.008643962 -0.032039689 -0.630417928 0.008553391 0.999959030 -0.002962851 0.069677188 0.032063987 0.002687171 0.999482206 31.570184679
0.999375203 -0.009020553 -0.034173589 -0.654986807 0.008994958 0.999959137 -0.000902628 0.065297255 0.034180335 0.000594674 0.999415505 32.300874288
0.999292536 -0.008255776 -0.036691535 -0.673582835 0.008268567 0.999965795 0.000196871 0.073961624 0.036688655 -0.000500118 0.999326620 33.056082430
0.999229700 -0.007327119 -0.038552825 -0.703789406 0.007354467 0.999972794 0.000567581 0.068147161 0.038547618 -0.000850680 0.999256402 33.774712211
0.999139370 -0.004916470 -0.041186745 -0.730670911 0.004890350 0.999987772 -0.000734904 0.078449180 0.041189854 0.000532854 0.999151196 34.518664235
0.999045723 -0.003469314 -0.043538576 -0.759854163 0.003411043 0.999993185 -0.001412603 0.078758771 0.043543180 0.001262743 0.999050748 35.235750652
0.998972730 -0.003161480 -0.045204974 -0.788569408 0.003135696 0.999994878 -0.000641287 0.081638893 0.045206770 0.000498880 0.998977527 35.946906198
0.998922294 -0.001403701 -0.046392668 -0.824365638 0.001457617 0.999998301 0.001128359 0.083669837 0.046391005 -0.001194766 0.998922643 36.634607274
0.998894649 0.000958937 -0.046995315 -0.854285984 -0.000889473 0.999998481 0.001498997 0.087894287 0.046996681 -0.001455539 0.998893985 37.344112147
0.998883346 0.003337579 -0.047126660 -0.867885024 -0.003380920 0.999993932 -0.000839980 0.093538210 0.047123570 0.000998373 0.998888569 38.039617497
0.998929033 0.004625061 -0.046036901 -0.888713691 -0.004808391 0.999980942 -0.003872305 0.092695490 0.046018114 0.004089521 0.998932234 38.695330870
0.999033346 0.004566522 -0.043720941 -0.922425710 -0.004847512 0.999968260 -0.006323048 0.099328513 0.043690678 0.006528874 0.999023773 39.345935806
0.999145332 0.005600864 -0.040954061 -0.943023261 -0.005840058 0.999966568 -0.005723254 0.097796410 0.040920637 0.005957537 0.999144639 40.002310305
0.999216179 0.010127695 -0.038268229 -0.964924812 -0.010265103 0.999941546 -0.003395879 0.102077002 0.038231600 0.003786045 0.999261733 40.647835460
0.999298246 0.014365831 -0.034592457 -0.997919651 -0.014361377 0.999896799 0.000377245 0.094285877 0.034594306 0.000119815 0.999401431 41.258401322
0.999339143 0.019963613 -0.030376481 -1.027182109 -0.019928413 0.999800342 0.001461142 0.092804506 0.030399585 -0.000854821 0.999537460 41.860943543
0.999395480 0.023320351 -0.025784411 -1.029392373 -0.023291942 0.999727723 0.001401641 0.096328450 0.025810077 -0.000800225 0.999666544 42.444276474
0.999429137 0.027082323 -0.020197705 -1.047805164 -0.027023951 0.999629800 0.003157415 0.099297947 0.020275738 -0.002609791 0.999791020 43.026301827
0.999387662 0.032142199 -0.013826814 -1.061964347 -0.032085840 0.999475958 0.004278833 0.099667833 0.013957100 -0.003832568 0.999895250 43.580146791
0.999369413 0.034808593 -0.007009849 -1.067023027 -0.034781750 0.999387261 0.003915601 0.097798707 0.007141850 -0.003669317 0.999967765 44.118805667
0.999280313 0.037931812 0.000185917 -1.067929526 -0.037932262 0.999270773 0.004366464 0.092792870 -0.000020153 -0.004370374 0.999990450 44.625343049
0.999057852 0.042749317 0.007476926 -1.067322525 -0.042778584 0.999077354 0.003799126 0.092464100 -0.007307618 -0.004115399 0.999964830 45.121738683
0.998785996 0.046969158 0.014846985 -1.066788702 -0.046990442 0.998894747 0.001087767 0.092871335 -0.014779484 -0.001784113 0.999889186 45.585605886
0.998536656 0.049228979 0.022384257 -1.052371078 -0.049197363 0.998787151 -0.001961270 0.095448923 -0.022453660 0.000857154 0.999747517 46.036811250
0.998333244 0.049355567 0.029912578 -1.031656035 -0.049302241 0.998780731 -0.002518126 0.098315512 -0.030000390 0.001039172 0.999549347 46.458817526
0.998121223 0.048852840 0.036978705 -0.989983862 -0.048834871 0.998805899 -0.001389561 0.102281257 -0.037002433 -0.000418900 0.999315088 46.860177581
0.997722929 0.050500059 0.044706827 -0.963669286 -0.050516337 0.998722941 -0.000766336 0.100539817 -0.044688434 -0.001493834 0.998999856 47.255040899
0.997192517 0.052708347 0.053187537 -0.936990379 -0.052736194 0.998608090 -0.000880740 0.103095684 -0.053159927 -0.001926641 0.998584153 47.615764683
0.996449507 0.057462898 0.061533701 -0.907328795 -0.057476103 0.998345668 -0.001556887 0.100104898 -0.061521367 -0.001985359 0.998103792 47.943867401
0.995623974 0.061366994 0.070476903 -0.886277874 -0.061422555 0.998110898 -0.001380546 0.096465894 -0.070428485 -0.002954367 0.997512456 48.258260318
0.995008985 0.060356579 0.079461959 -0.854890473 -0.060491910 0.998168438 -0.000705219 0.093475861 -0.079358984 -0.004105106 0.996837650 48.541322684
0.994150886 0.059572464 0.090084054 -0.821889594 -0.059599826 0.998219493 -0.002388599 0.088818498 -0.090065953 -0.002994366 0.995931302 48.822043112
0.993155770 0.057747370 0.101522698 -0.776317004 -0.057346181 0.998330728 -0.006868253 0.088682027 -0.101749853 0.000999306 0.994809514 49.090830403
0.991698006 0.058788004 0.114363608 -0.731712284 -0.057919985 0.998261711 -0.010901016 0.086489341 -0.114805659 0.004186577 0.993379149 49.348817267
0.989705872 0.060776894 0.129570274 -0.686240311 -0.059598418 0.998138339 -0.012957012 0.081367955 -0.130116545 0.005101448 0.991485582 49.596981447
0.987368783 0.062048463 0.145783654 -0.639783094 -0.060616056 0.998059410 -0.014251604 0.079547847 -0.146385038 0.005234759 0.989213838 49.860528192
0.984645798 0.062899286 0.162838363 -0.591705505 -0.061192901 0.998005931 -0.015478706 0.075372728 -0.163487251 0.005276491 0.986531336 50.108048615
0.981539574 0.061888747 0.180969188 -0.531512529 -0.059801846 0.998065997 -0.016970710 0.077099955 -0.181669489 0.005835132 0.983342335 50.368739525
0.977834184 0.060971001 0.200306880 -0.464665010 -0.058710910 0.998126671 -0.017209827 0.074136620 -0.200980940 0.005068158 0.979582041 50.607047760
0.973477604 0.060845254 0.220542988 -0.397173361 -0.058184873 0.998133556 -0.018545225 0.070987739 -0.221259746 0.005221096 0.975200936 50.855160958
0.968289455 0.063254744 0.241690648 -0.323759657 -0.060058756 0.997982765 -0.020575407 0.065492602 -0.242504593 0.005407310 0.970135188 51.103124641
0.962275082 0.064148999 0.264407966 -0.240431545 -0.060335448 0.997923912 -0.022527770 0.058083153 -0.265304166 0.005724739 0.964147772 51.349314328
0.955130913 0.065416513 0.288869554 -0.147700819 -0.061139835 0.997845097 -0.023813518 0.054148863 -0.289804865 0.005083590 0.957072253 51.593635947
0.946780992 0.068267770 0.314555661 -0.049215087 -0.063729587 0.997661441 -0.024702017 0.048519688 -0.315506406 0.003340898 0.948917566 51.844342748
0.937145949 0.070228373 0.341797375 0.050265562 -0.065325504 0.997529136 -0.025849575 0.040355606 -0.342768214 0.001896738 0.939418093 52.074032461
0.926045752 0.071005031 0.370671756 0.158321986 -0.065612545 0.997475615 -0.027154937 0.025801227 -0.371664175 0.000825997 0.928366877 52.306686947
0.913495637 0.069467665 0.400874001 0.292777165 -0.062998240 0.997583040 -0.029313819 0.018073184 -0.401941467 0.001523689 0.915664095 52.545713578
0.898813629 0.066909022 0.433194232 0.445383815 -0.058955142 0.997754480 -0.031785027 0.008871212 -0.434348191 0.003029788 0.900739957 52.777439937
0.881631414 0.066048832 0.467293913 0.598448868 -0.055698175 0.997800308 -0.035948005 -0.000895260 -0.468640334 0.005665473 0.883370896 53.000393850
0.862382352 0.067820065 0.501694247 0.761827593 -0.054883412 0.997670021 -0.040525799 -0.014848580 -0.503273773 0.007414042 0.864095216 53.219940185
0.840843657 0.069737700 0.536766800 0.947266742 -0.054100250 0.997527644 -0.044852682 -0.026737177 -0.538567644 0.008674875 0.842537619 53.451464719
0.816353046 0.072541557 0.572979430 1.136802401 -0.054827168 0.997334152 -0.048151548 -0.041654900 -0.574944942 0.007893823 0.818154020 53.680125996
0.789290555 0.076613530 0.609221459 1.353550733 -0.057445013 0.997047167 -0.050960938 -0.053779809 -0.611326827 0.005226253 0.791360977 53.909346281
0.759556214 0.081463840 0.645320076 1.583996301 -0.061265225 0.996675504 -0.053707660 -0.063438639 -0.647549944 0.001258308 0.762021972 54.143696212
0.726760685 0.082540959 0.681913409 1.837177351 -0.060498408 0.996587574 -0.056152921 -0.083543931 -0.684221345 -0.000444940 0.729274264 54.373346420
0.690424641 0.079693302 0.719001246 2.126725943 -0.056004246 0.996818808 -0.056707928 -0.104450818 -0.721233207 -0.001114572 0.692691431 54.602671872
0.651570858 0.078463573 0.754518976 2.447527657 -0.052811490 0.996914947 -0.058064916 -0.122069824 -0.756747226 -0.002013864 0.653704506 54.837772795
0.609420575 0.078262779 0.788974968 2.794534435 -0.050685219 0.996926328 -0.059740311 -0.138629968 -0.791225361 -0.003582395 0.611514182 55.057145543
0.563347494 0.078362021 0.822495590 3.151542845 -0.047022821 0.996919464 -0.062772902 -0.156012783 -0.824880873 -0.003313106 0.565296885 55.265866731
0.515112520 0.077153013 0.853643078 3.543970558 -0.043399822 0.997010747 -0.063922022 -0.181107377 -0.856023100 -0.004120924 0.516921145 55.472619754
0.466367192 0.075720472 0.881344457 3.955578440 -0.040853323 0.997110207 -0.064048744 -0.194892652 -0.883647355 -0.006135617 0.468112921 55.665600975
0.416603801 0.073415438 0.906118892 4.396575358 -0.040049781 0.997248257 -0.062385331 -0.216806348 -0.908205532 -0.010299897 0.418397686 55.845606365
0.366369401 0.073056656 0.927596996 4.849444049 -0.043195919 0.997173443 -0.061475505 -0.245400607 -0.929466285 -0.017545661 0.368489586 56.004783045
0.317094664 0.073315989 0.945555784 5.318979488 -0.040702181 0.997140888 -0.063666182 -0.268477505 -0.947520082 -0.018297976 0.319172175 56.136407780
0.270097290 0.069930590 0.960290147 5.824277268 -0.029227878 0.997494817 -0.064419104 -0.298003152 -0.962389311 -0.010667818 0.271464570 56.240981616
0.226089217 0.063980850 0.972003146 6.326768623 -0.015533335 0.997950560 -0.062075730 -0.323989731 -0.973982742 -0.001063798 0.226619697 56.311460888
0.183867498 0.063352391 0.980907344 6.857500413 -0.006033075 0.997974797 -0.063323823 -0.341877586 -0.982932523 0.005725306 0.183877338 56.377130312
0.145147865 0.064960681 0.987275143 7.379342759 -0.002336879 0.997862044 -0.065313713 -0.360266113 -0.989407215 0.007173004 0.144989351 56.435418832
0.112309522 0.065349052 0.991522099 7.927204783 0.006185180 0.997769825 -0.066461420 -0.399323589 -0.993654022 0.013596993 0.111654856 56.473484014
0.083538393 0.063875667 0.994455246 8.489935120 0.013668285 0.997776172 -0.065237169 -0.426867550 -0.996410816 0.019042306 0.082479547 56.492419476
0.058444269 0.062117467 0.996356205 9.056561955 0.020121965 0.997786151 -0.063386930 -0.455088572 -0.998087859 0.023753247 0.057064957 56.513333634
0.038298178 0.061488624 0.997372748 9.635903457 0.024921540 0.997735772 -0.062467968 -0.476141077 -0.998955538 0.027248474 0.036679071 56.520927386
0.022712391 0.062906754 0.997760937 10.221760563 0.027664850 0.997596655 -0.063526141 -0.509211517 -0.999359196 0.029045738 0.020917500 56.513819828
0.009546601 0.062658942 0.997989338 10.806103825 0.028523960 0.997611626 -0.062908083 -0.540722773 -0.999547521 0.029067166 0.007736519 56.502705210
-0.002085364 0.063467624 0.997981719 11.409806649 0.029082842 0.997565594 -0.063380389 -0.578500253 -0.999574829 0.028891974 -0.003926106 56.495187328
-0.010710011 0.066411446 0.997734842 12.029089731 0.034086627 0.997236416 -0.066012373 -0.609198983 -0.999361495 0.033302422 -0.012944155 56.477818675
-0.017360643 0.068297765 0.997513921 12.668799914 0.038372355 0.996974797 -0.067593023 -0.641109292 -0.999112692 0.037103500 -0.019928869 56.462086414
-0.021946562 0.067943387 0.997447765 13.310417665 0.038415919 0.997008561 -0.067068215 -0.669786180 -0.999020803 0.036845956 -0.024491018 56.445378304
-0.025385942 0.064933494 0.997566637 13.968944762 0.037059561 0.997263427 -0.063970670 -0.708477985 -0.998990562 0.035345426 -0.027722878 56.426974191
-0.028317801 0.058127958 0.997907432 14.635437700 0.034243804 0.997778226 -0.057148689 -0.745785445 -0.999012244 0.032553822 -0.030245408 56.424600167
-0.029394833 0.052709682 0.998177155 15.320854199 0.035667992 0.998028017 -0.051651437 -0.772081924 -0.998931298 0.034084689 -0.031216915 56.397847445
-0.029688754 0.050179490 0.998298851 16.030978015 0.038534285 0.998054122 -0.049021204 -0.803795715 -0.998816143 0.037013354 -0.031564615 56.374360191
-0.029518855 0.052530327 0.998182950 16.722205633 0.041869447 0.997806643 -0.051272335 -0.840014555 -0.998686931 0.040279867 -0.031653525 56.353930928
-0.028646849 0.059547851 0.997814317 17.417513610 0.043002868 0.997373243 -0.058286933 -0.881381074 -0.998664163 0.041239141 -0.031132329 56.335847104
-0.026215635 0.067408194 0.997381008 18.130416886 0.044430707 0.996816523 -0.066202205 -0.914978090 -0.998668440 0.042578810 -0.029127172 56.321464475
-0.024248387 0.068045993 0.997387467 18.847799043 0.045384652 0.996727119 -0.066897554 -0.951871839 -0.998675247 0.043643926 -0.027257269 56.311802650
-0.022336320 0.063920713 0.997704982 19.573424946 0.044217482 0.997040564 -0.062888218 -0.987221106 -0.998772198 0.042711310 -0.025096630 56.303071148
-0.019301572 0.057457651 0.998161344 20.299781767 0.043846807 0.997435471 -0.056567996 -1.026897120 -0.998851794 0.042674336 -0.021771407 56.280788983
-0.016317248 0.055592555 0.998320197 21.036641198 0.042409539 0.997593070 -0.054858893 -1.074942050 -0.998967056 0.041443153 -0.018635628 56.275381251
-0.012899234 0.061025303 0.998052865 21.750349598 0.050029001 0.996925189 -0.060309757 -1.112142851 -0.998664463 0.049153638 -0.015912607 56.254057887
-0.009385094 0.066673095 0.997730734 22.491925730 0.051425042 0.996486544 -0.066106225 -1.149564085 -0.998632758 0.050687931 -0.012780787 56.245193438
-0.006654146 0.067019796 0.997729457 23.207830875 0.045619821 0.996733061 -0.066648614 -1.193148602 -0.998936712 0.045072750 -0.009689839 56.248130197
-0.003294225 0.063781694 0.997958438 23.939891539 0.041207135 0.997124856 -0.063592395 -1.233598845 -0.999145195 0.040913521 -0.005913015 56.257540179
0.001521496 0.060306970 0.998178719 24.681361970 0.045030474 0.997163200 -0.060314254 -1.276163261 -0.998984455 0.045040228 -0.001198472 56.250132897
0.005215024 0.061501913 0.998093341 25.419952318 0.049597696 0.996862579 -0.061685221 -1.318083178 -0.998755662 0.049824820 0.002148309 56.246485804
0.007873925 0.066075772 0.997783540 26.157986518 0.049655693 0.996557651 -0.066386445 -1.364084205 -0.998735357 0.050068355 0.004565782 56.265642019
0.011214213 0.067248204 0.997673253 26.902458067 0.045700791 0.996658931 -0.067693528 -1.399386214 -0.998892226 0.046353586 0.008103449 56.292345456
0.014721388 0.066658195 0.997667262 27.658053724 0.044671264 0.996735287 -0.067255086 -1.450111741 -0.998893267 0.045557146 0.011695621 56.313771831
0.018506711 0.063716152 0.997796449 28.405781453 0.049014213 0.996709661 -0.064555849 -1.498630952 -0.998626611 0.050100924 0.015322821 56.328486088
0.021900936 0.064298362 0.997690368 29.137985805 0.053729399 0.996411858 -0.065395414 -1.543994305 -0.998315331 0.055037525 0.018367640 56.340432196
0.025603896 0.065567630 0.997519587 29.898487629 0.056147435 0.996177245 -0.066920564 -1.582128379 -0.998094137 0.057721593 0.021824564 56.351686218
0.028111367 0.065592014 0.997450469 30.649734637 0.056634677 0.996137470 -0.067101819 -1.628378515 -0.997999130 0.058376609 0.024288004 56.377228241
0.031944611 0.064209969 0.997424996 31.411717140 0.057948564 0.996136644 -0.065982953 -1.676735513 -0.997808351 0.059907146 0.028100322 56.389642184
0.035707406 0.063760261 0.997326231 32.165366366 0.059714322 0.996043386 -0.065816207 -1.717366888 -0.997576654 0.061904785 0.031758725 56.420766330
0.038384577 0.064184615 0.997199558 32.915252871 0.057800100 0.996121549 -0.066340092 -1.762561214 -0.997589982 0.060184670 0.034525828 56.453720117
0.041637732 0.065941977 0.996954339 33.676714425 0.054333008 0.996193765 -0.068160884 -1.814246600 -0.997654361 0.057005593 0.037896423 56.490037349
0.044532303 0.065881081 0.996833264 34.437408845 0.055812846 0.996100637 -0.068326032 -1.861143633 -0.997447643 0.058678817 0.040681645 56.518022198
0.047395791 0.065520278 0.996725003 35.186679299 0.053675497 0.996237632 -0.068040592 -1.908466626 -0.997432995 0.056724548 0.043700637 56.556493325
0.050000328 0.066146425 0.996556380 35.940697612 0.052109641 0.996272608 -0.068742092 -1.952278787 -0.997388867 0.055367322 0.046367091 56.596262904
0.052977385 0.066254416 0.996395378 36.712093721 0.049516245 0.996394855 -0.068887112 -2.002011789 -0.997367304 0.052987217 0.049505724 56.640076430
0.056587498 0.068236276 0.996063083 37.462150735 0.048700506 0.996285436 -0.071018240 -2.048647180 -0.997209164 0.052527520 0.053054159 56.687353061
0.060257754 0.071890296 0.995590673 38.223974080 0.047689764 0.996056774 -0.074810358 -2.095287953 -0.997042973 0.051987388 0.056591713 56.729059750
0.063406918 0.074016085 0.995239259 38.977987231 0.047666424 0.995883214 -0.077100815 -2.149861583 -0.996848772 0.052328221 0.059617803 56.790628257
0.065901459 0.076598934 0.994881702 39.751079439 0.041462906 0.995977774 -0.079429848 -2.197345894 -0.996964305 0.046485229 0.062460374 56.857471198
0.068521191 0.076460031 0.994715391 40.525144003 0.037368512 0.996162437 -0.079145398 -2.244930640 -0.996949568 0.042594171 0.065401039 56.921374378
0.072128468 0.077080020 0.994412467 41.295926118 0.039422843 0.996009891 -0.080063328 -2.303098484 -0.996615936 0.044977411 0.068801954 56.979627688
0.075907484 0.078282078 0.994037208 42.078298729 0.038640028 0.995933684 -0.081382091 -2.360458759 -0.996365898 0.044587135 0.072573999 57.043901451
0.079819965 0.079693995 0.993618458 42.857025046 0.035204735 0.995951711 -0.082709224 -2.408836827 -0.996187432 0.041581922 0.076691225 57.108912761
0.084266119 0.078005234 0.993385325 43.650972709 0.034174413 0.996118394 -0.081118768 -2.463787673 -0.995857083 0.040783924 0.081273249 57.173443089
0.088804410 0.077857008 0.993001542 44.441933069 0.034051992 0.996120302 -0.081146816 -2.529000599 -0.995466845 0.041019875 0.085808690 57.250119377
0.093840421 0.081636582 0.992234571 45.238198917 0.030787284 0.995917866 -0.084851329 -2.585194220 -0.995111109 0.038510692 0.090943983 57.334623152
0.100099238 0.090663268 0.990838188 46.034295593 0.028910421 0.995154339 -0.093978873 -2.644512918 -0.994557354 0.038052763 0.096993078 57.420558448
0.107260450 0.095733356 0.989611197 46.830768459 0.027532995 0.994685687 -0.099208458 -2.706559040 -0.993849652 0.037888103 0.104054608 57.514463845
0.113891903 0.098788331 0.988569421 47.626149266 0.023133006 0.994510554 -0.102047158 -2.779397981 -0.993223791 0.034490927 0.110981428 57.626308062
0.121040356 0.097154320 0.987881709 48.442752383 0.019300193 0.994780356 -0.100197534 -2.852064851 -0.992459941 0.031194253 0.118533471 57.736447336
0.128688937 0.095820449 0.987044882 49.255836668 0.019444274 0.994885819 -0.099116738 -2.921720493 -0.991494366 0.031947599 0.126167640 57.848456928
0.135842822 0.092565232 0.986396678 50.048167456 0.018246488 0.995223109 -0.095906357 -2.997567068 -0.990562362 0.031026465 0.133504925 57.961588263
0.142785263 0.087413097 0.985886058 50.854486049 0.016076981 0.995756072 -0.090616636 -3.063038121 -0.989623110 0.028788792 0.140773954 58.094318114
0.149734098 0.079850024 0.985496663 51.681526019 0.014039311 0.996461342 -0.082871540 -3.129943590 -0.988626622 0.026244390 0.148083201 58.236249755
0.156775824 0.077386450 0.984597724 52.470475283 0.013815742 0.996656104 -0.080534060 -3.197117664 -0.987537577 0.026228741 0.155182431 58.370545722
0.163589050 0.079290276 0.983337010 53.253141002 0.013747675 0.996484843 -0.082637515 -3.259967347 -0.986432777 0.027037190 0.161923952 58.510009874
0.169551475 0.085768979 0.981782043 54.038974556 0.014570143 0.995878743 -0.089516703 -3.323601845 -0.985413623 0.029482394 0.167603043 58.647846242
0.174517000 0.089633392 0.980565996 54.820331339 0.012620752 0.995562693 -0.093250426 -3.387401799 -0.984573275 0.028649265 0.172611373 58.790225944
0.179361043 0.092340302 0.979440087 55.597411458 0.011880087 0.995309280 -0.096011983 -3.456930618 -0.983711584 0.028856643 0.177422699 58.947225206
0.184283586 0.092093220 0.978549129 56.374573869 0.008628963 0.995410706 -0.095305131 -3.532714415 -0.982835236 0.026007036 0.182643186 59.106322862
0.189466770 0.088728004 0.977869973 57.134458930 0.012299741 0.995616125 -0.092721350 -3.610205632 -0.981810093 0.029595162 0.187544840 59.250961913
0.193756589 0.082415546 0.977581742 57.896120993 0.012953419 0.996163341 -0.086549443 -3.669409411 -0.980964114 0.029432551 0.191945648 59.402229974
0.196656330 0.076087542 0.977515715 58.639268801 0.010996434 0.996750480 -0.079796990 -3.737836496 -0.980410815 0.026441770 0.195180599 59.560669278
0.199476141 0.072567325 0.977211979 59.372150324 0.007082262 0.997121296 -0.075491468 -3.800291652 -0.979877090 0.021979618 0.198387968 59.724085212
0.202059898 0.073064771 0.976643915 60.110688704 0.004214859 0.997139159 -0.075470084 -3.855822580 -0.979364096 0.019365894 0.201173879 59.887759944
0.204022417 0.074799268 0.976104463 60.817075802 0.002038708 0.997042134 -0.076829855 -3.917149533 -0.978964094 0.017665005 0.203266453 60.043381724
0.204943413 0.079095002 0.975572744 61.506099487 -0.002370866 0.996766693 -0.080315252 -3.980906774 -0.978770952 0.014147130 0.204468291 60.203995865
0.206664823 0.083229555 0.974865371 62.197791521 -0.003562377 0.996432725 -0.084315677 -4.038663009 -0.978405315 0.013952247 0.206224088 60.362416854
0.208078504 0.088736288 0.974078645 62.878182077 -0.004317653 0.995949884 -0.089806388 -4.091768671 -0.978102599 0.014481045 0.207618894 60.519104124
0.209824945 0.090762353 0.973517174 63.560419248 -0.003477296 0.995745058 -0.092085218 -4.147689540 -0.977732786 0.015936569 0.209247760 60.665747173
0.210464604 0.090954202 0.973361178 64.224049017 -0.006049930 0.995764661 -0.091739516 -4.204214621 -0.977582758 0.013419154 0.210123482 60.822487910
0.210914343 0.087571132 0.973574053 64.875215873 -0.005690852 0.996072178 -0.088361933 -4.270487424 -0.977487982 0.013096333 0.210584264 60.969478830
0.211157522 0.085326528 0.973720640 65.523447787 -0.006128413 0.996278509 -0.085974274 -4.328491198 -0.977432833 0.012186752 0.210894617 61.117669567
0.210877439 0.083894835 0.973905726 66.147662658 -0.005169234 0.996392020 -0.084712583 -4.388163881 -0.977498841 0.012829626 0.210550269 61.253476136
0.209341555 0.083005532 0.974313191 66.792174305 -0.004611748 0.996463364 -0.083901708 -4.444332868 -0.977831706 0.013070827 0.208983991 61.398928708
0.207182423 0.084084831 0.974682094 67.405104891 -0.006947643 0.996400812 -0.084481663 -4.505436185 -0.978277657 0.010731372 0.207020926 61.541121775
0.204941724 0.086977257 0.974901968 68.019850382 -0.007642029 0.996155650 -0.087266944 -4.561228917 -0.978744343 0.010434409 0.204818539 61.675983770
0.202638067 0.090635973 0.975050221 68.612756647 -0.005689430 0.995799627 -0.091382342 -4.619594490 -0.979237175 0.012970062 0.202302579 61.799301459
0.200992165 0.091257960 0.975332833 69.214827732 -0.002743038 0.995699766 -0.092598339 -4.666888810 -0.979589008 0.015936166 0.200378176 61.925561988
0.198472734 0.089921630 0.975972681 69.806136113 -0.003457417 0.995840407 -0.091049054 -4.719433974 -0.980100311 0.014696410 0.197958065 62.049487504
0.196208737 0.087211730 0.976676121 70.393278553 -0.003762688 0.996096568 -0.088189964 -4.768121045 -0.980554931 0.013628714 0.195771000 62.167458192
0.194106142 0.083097948 0.977454621 70.979800464 -0.002467662 0.996443936 -0.084222281 -4.817800974 -0.980977429 0.013936034 0.193620946 62.286893945
0.192101357 0.082002509 0.977943075 71.551491892 0.001283380 0.996481006 -0.083809052 -4.874436199 -0.981374252 0.017354906 0.191320113 62.394200664
0.190122954 0.083507906 0.978202276 72.109460304 0.005083438 0.996278793 -0.086039091 -4.919931063 -0.981747127 0.021330637 0.188990960 62.502467536
0.187722230 0.085578011 0.978486979 72.650179339 0.009429226 0.995994300 -0.088918185 -4.966597857 -0.982176896 0.025918295 0.186163337 62.599849156
0.186060708 0.087666624 0.978619423 73.202743024 0.008878434 0.995820851 -0.090895580 -5.007045259 -0.982498136 0.025600704 0.184504790 62.703039495
0.184577268 0.090526363 0.978639980 73.735203200 0.007688132 0.995585473 -0.093543885 -5.052845126 -0.982787935 0.024789988 0.183066468 62.795027852
0.183206217 0.089393624 0.979001666 74.292613490 0.008469525 0.995676554 -0.092501176 -5.096412857 -0.983038020 0.025238470 0.181657014 62.901823419
0.183577714 0.087579050 0.979096079 74.839612808 0.014695902 0.995667469 -0.091816782 -5.146620335 -0.982895342 0.031244215 0.181495305 62.999401379
0.185738385 0.085941813 0.978833621 75.381701176 0.019092497 0.995663977 -0.091042415 -5.189685452 -0.982413726 0.035598449 0.183292175 63.093265247
0.187682844 0.085380215 0.978511813 75.936428447 0.021908419 0.995603139 -0.091073652 -5.234055720 -0.981985321 0.038530609 0.184987083 63.198371365
0.190848817 0.085716269 0.977869854 76.490929443 0.019078159 0.995668144 -0.090999842 -5.276313587 -0.981434029 0.036023169 0.188386778 63.316172953
0.196341815 0.086167848 0.976742030 77.053203683 0.018307111 0.995635434 -0.091514659 -5.323929947 -0.980364596 0.035849479 0.193907384 63.436566284
0.203120871 0.085346750 0.975427006 77.615635394 0.019434527 0.995646337 -0.091162882 -5.365476422 -0.978960781 0.037474046 0.200577877 63.555160674
0.210945277 0.085704893 0.973733414 78.178596793 0.017757069 0.995648525 -0.091480603 -5.407626756 -0.977336573 0.036588052 0.208505486 63.684459675
0.219238908 0.083986318 0.972049690 78.751090045 0.017730778 0.995780690 -0.090035758 -5.456085910 -0.975510082 0.036974538 0.216824728 63.821706896
0.228033905 0.083676948 0.970050878 79.325285952 0.014139306 0.995910557 -0.089231399 -5.510861323 -0.973550522 0.034063631 0.225918239 63.971686322
0.237642846 0.083768279 0.967733823 79.898958994 0.012832293 0.995916813 -0.089359013 -5.555865528 -0.971267836 0.033653774 0.235597567 64.119409370
0.246815667 0.087760537 0.965080367 80.485031811 0.006667391 0.995713430 -0.092251345 -5.614853210 -0.969039510 0.029203645 0.245172541 64.299491581
0.255910095 0.089888450 0.962512384 81.092077832 0.003079047 0.995586687 -0.093795887 -5.668198310 -0.966695683 0.026966935 0.254503913 64.485664103
0.266929271 0.092382438 0.959277984 81.695936789 -0.000927991 0.995418943 -0.095604738 -5.721614671 -0.963715676 0.024629502 0.265792183 64.659754295
0.277208553 0.094181679 0.956182634 82.304952639 -0.002369097 0.995248102 -0.097342705 -5.779913640 -0.960806851 0.024718941 0.276114412 64.848614802
0.287137116 0.095059318 0.953161058 82.932673372 -0.005634450 0.995214094 -0.097555930 -5.834239040 -0.957872919 0.022641390 0.286298511 65.047540820
0.297658427 0.095631486 0.949870560 83.557138126 -0.006749970 0.995156081 -0.098075541 -5.889355989 -0.954648573 0.022781413 0.296862103 65.249152190
0.308001644 0.096640693 0.946464772 84.208942233 -0.010658104 0.995115555 -0.098139885 -5.936997690 -0.951326123 0.020139726 0.307527233 65.478325819
0.319121262 0.091543811 0.943282222 84.855167290 -0.009326655 0.995578991 -0.093463821 -5.989452844 -0.947667998 0.021028625 0.318564222 65.689660006
0.329842273 0.085177971 0.940185507 85.514729155 -0.006427750 0.996100735 -0.087988696 -6.038576076 -0.944014173 0.022979114 0.329103634 65.925321791
0.340908217 0.080714249 0.936625217 86.195043392 -0.005030016 0.996449782 -0.084038867 -6.095756762 -0.940083127 0.023938300 0.340103913 66.177266534
0.350997015 0.078117749 0.933112379 86.866532836 -0.006523112 0.996693820 -0.080986906 -6.151779086 -0.936353856 0.022339366 0.350346127 66.447550009
0.361016474 0.075605608 0.929489590 87.577649214 0.000551081 0.996690677 -0.081285852 -6.195056088 -0.932559275 0.029857756 0.359780090 66.717027128
0.369586478 0.070155612 0.926544130 88.262622958 0.006941644 0.996909410 -0.078252427 -6.246448222 -0.929170409 0.035352778 0.367957243 66.987299141
0.376137944 0.060780548 0.924567992 88.962987172 0.016505316 0.997248287 -0.072273293 -6.298932313 -0.926416657 0.042445015 0.374099718 67.274301557
0.383070837 0.056992752 0.921959088 89.680851628 0.020779617 0.997310524 -0.070284611 -6.347712294 -0.923485214 0.046081942 0.380856290 67.576404375
0.390567982 0.056839418 0.918817681 90.410004231 0.023170626 0.997168880 -0.071535632 -6.404690658 -0.920282442 0.049229108 0.388145233 67.890595821
0.398038036 0.063271956 0.915184343 91.106441130 0.024999650 0.996500013 -0.079766790 -6.456014103 -0.917028211 0.054629504 0.395063131 68.189165322
0.405139131 0.067839366 0.911734668 91.831212708 0.028584506 0.995815813 -0.086797419 -6.505881232 -0.913808082 0.061226516 0.401504799 68.515709313
0.410400163 0.070427010 0.909181908 92.562929429 0.026317637 0.995683231 -0.089007221 -6.566384642 -0.911525693 0.060456097 0.406775088 68.851900343
0.414116601 0.072451534 0.907335779 93.287987104 0.018914994 0.995926848 -0.088158588 -6.631911560 -0.910027287 0.053670186 0.411059421 69.235224973
0.417744515 0.076194211 0.905363994 93.960158601 0.011872562 0.995934492 -0.089294627 -6.701964259 -0.908486963 0.048051331 0.415141551 69.567721486
0.421758216 0.079223190 0.903240662 94.632943102 0.011090910 0.995650244 -0.092507207 -6.771398028 -0.906640502 0.049033435 0.419045013 69.888071437
0.425221254 0.083754068 0.901205937 95.296908718 0.007653607 0.995340926 -0.096113801 -6.834376885 -0.905057074 0.047767107 0.422599096 70.220183474
0.428866369 0.086668192 0.899200902 95.968891263 0.004664517 0.995161498 -0.098141918 -6.903406277 -0.903355899 0.046284106 0.426387032 70.549819253
0.432747532 0.085462786 0.897455116 96.627579211 0.003475835 0.995330859 -0.096459316 -6.967464135 -0.901508454 0.044861937 0.430429918 70.874091644
0.436800665 0.082364331 0.895779714 97.281361207 0.004326111 0.995595631 -0.093651615 -7.039144602 -0.899547922 0.044782330 0.434520516 71.200240532
0.440256214 0.079931285 0.894307249 97.929280520 0.003808215 0.995854379 -0.090882089 -7.102693212 -0.897864112 0.043417118 0.438126683 71.522572150
0.443798059 0.079011984 0.892636762 98.554284779 0.002932126 0.995972029 -0.089616518 -7.169029406 -0.896122026 0.042388960 0.441778780 71.840347018
0.447221225 0.080956943 0.890752013 99.177847252 0.000649550 0.995865614 -0.090836425 -7.229272388 -0.894423140 0.041202565 0.445319655 72.164650124
0.449949121 0.081361912 0.889340221 99.782297726 0.001161281 0.995787124 -0.091687815 -7.297198284 -0.893053436 0.042287626 0.447959057 72.474646143
0.452525779 0.079588759 0.888192574 100.383837002 0.003392640 0.995848398 -0.090964051 -7.356504912 -0.891744868 0.044176895 0.450377056 72.763764512
0.454190020 0.078550619 0.887435195 100.978899397 0.005235591 0.995852950 -0.090826710 -7.416465572 -0.890889451 0.045898833 0.451895212 73.071156431
0.455725555 0.078194168 0.886679136 101.570634282 0.004321367 0.995927906 -0.090049611 -7.480609609 -0.890109849 0.044869575 0.453531892 73.391954853
0.457691765 0.077496013 0.885727168 102.147501000 0.005909904 0.995907042 -0.090190007 -7.538277352 -0.889091289 0.046513786 0.455360458 73.693528746
0.460341277 0.079032502 0.884217039 102.707018178 0.005438048 0.995759529 -0.091833477 -7.595505307 -0.887725372 0.047083154 0.457959431 73.983891676
0.463383435 0.079009155 0.882628657 103.261942143 0.008094123 0.995598468 -0.093371177 -7.657204430 -0.886120916 0.050410762 0.460704328 74.264073815
0.466096542 0.078578871 0.881237411 103.811915709 0.009478794 0.995547332 -0.093785190 -7.714984244 -0.884683088 0.052066020 0.463276336 74.565639292
0.469661327 0.076751336 0.879504105 104.347261851 0.013100041 0.995498342 -0.093869273 -7.766049488 -0.882749470 0.055608307 0.466541627 74.839236155
0.473211354 0.075705441 0.877689980 104.876107197 0.014775661 0.995478424 -0.093831701 -7.818146742 -0.880825008 0.057370676 0.469953095 75.117671788
0.476584799 0.075355813 0.875892933 105.391050429 0.016047998 0.995407840 -0.094369981 -7.866169933 -0.878982020 0.059031626 0.473186936 75.395234650
0.480322710 0.074341288 0.873935620 105.901002482 0.017059150 0.995421185 -0.094051311 -7.917060485 -0.876925926 0.060083579 0.476855202 75.669086445
0.483148941 0.073820035 0.872420600 106.415257832 0.018455482 0.995359170 -0.094443203 -7.977811774 -0.875343645 0.061731076 0.479544344 75.977751025
0.487708675 0.074747714 0.869800568 106.915287606 0.018084668 0.995248942 -0.095668635 -8.037196840 -0.872819107 0.062388478 0.484039755 76.242097843
0.491994295 0.074905633 0.867370025 107.426758652 0.020280073 0.995035332 -0.097434117 -8.090429780 -0.870362185 0.065527357 0.488032615 76.536379296
0.497014198 0.078067021 0.864223598 107.917231957 0.018573450 0.994759620 -0.100540172 -8.143578284 -0.867543609 0.066021507 0.492959681 76.816193277
0.502483695 0.084264017 0.860470634 108.396743845 0.014833254 0.994252600 -0.106027077 -8.196272501 -0.864459433 0.066040457 0.498345811 77.099373762
0.508572978 0.091198213 0.856175456 108.879276288 0.009901880 0.993689523 -0.111727727 -8.251475568 -0.860961950 0.065299449 0.504460606 77.396832160
0.514540908 0.097569034 0.851896671 109.361212241 0.004322416 0.993197331 -0.116363131 -8.314569861 -0.857454938 0.063555843 0.510618923 77.706960323
0.520763874 0.102316293 0.847547264 109.845132456 0.000735938 0.992737802 -0.120295949 -8.371454583 -0.853700443 0.063269526 0.516906685 78.023674477
0.526884673 0.102622045 0.843718708 110.324553489 -0.003316605 0.992924754 -0.118698921 -8.421255744 -0.849930316 0.059742361 0.523497191 78.309349878
0.532493621 0.101865826 0.840282034 110.826358787 -0.009633564 0.993396947 -0.114322792 -8.478094945 -0.846379193 0.052781247 0.529958868 78.639284900
0.537895244 0.099912121 0.837070054 111.325568179 -0.016682263 0.994019004 -0.107925539 -8.543528022 -0.842846610 0.044088412 0.536344855 78.991008128
0.543550549 0.098139267 0.833619509 111.827796825 -0.022997152 0.994509784 -0.102085359 -8.606368078 -0.839061340 0.036317678 0.542823262 79.342924616
0.549695784 0.096462831 0.829776757 112.337896799 -0.025976447 0.994803986 -0.098439087 -8.665148646 -0.834960939 0.032556899 0.549345319 79.695451245
0.556165479 0.099902082 0.825045171 112.849347109 -0.030662979 0.994539393 -0.099755588 -8.718494307 -0.830505714 0.030182272 0.556191774 80.052070046
0.562531286 0.103900322 0.820221480 113.367151467 -0.034700839 0.994165069 -0.102135539 -8.773635324 -0.826047459 0.028992063 0.562854383 80.419258821
0.568391796 0.107088462 0.815759050 113.890479700 -0.037866949 0.993847525 -0.104082621 -8.833964138 -0.821886160 0.028269401 0.568949893 80.807977206
0.575237660 0.109311829 0.810649467 114.432051720 -0.040231221 0.993612025 -0.105435256 -8.892173758 -0.816996379 0.028036912 0.575960805 81.190348167
0.581368925 0.110202094 0.806142464 114.974392886 -0.042403009 0.993542384 -0.105240281 -8.942999665 -0.812534404 0.027000563 0.582287568 81.603036245
0.587550873 0.112668314 0.801305074 115.520332669 -0.049005483 0.993395959 -0.103744549 -9.001390824 -0.807701946 0.021686858 0.589192029 82.023964682
0.595158028 0.110546128 0.795968891 116.082215982 -0.049011756 0.993642531 -0.101352698 -9.062199984 -0.802112691 0.021309039 0.596792389 82.451072971
0.602585293 0.108824334 0.790599917 116.657860450 -0.048915101 0.993832880 -0.099516430 -9.117073010 -0.796554001 0.021294863 0.604192231 82.906420187
0.609954651 0.108792162 0.784932857 117.223083830 -0.049649073 0.993831669 -0.099164423 -9.188936871 -0.790879443 0.021514612 0.611593679 83.367676189
0.617566327 0.111533601 0.778570541 117.797521311 -0.054688323 0.993587823 -0.098956687 -9.248510642 -0.784615204 0.018533601 0.619705968 83.839018368
0.625602556 0.111759107 0.772095424 118.371117085 -0.054988454 0.993541238 -0.099257633 -9.317051189 -0.778201588 0.019639495 0.627707398 84.316680556
0.632832707 0.112629617 0.766053089 118.962794982 -0.057073534 0.993457736 -0.098915815 -9.377184519 -0.772182217 0.018875805 0.635120718 84.811065866
0.637922185 0.112182867 0.761886009 119.563374678 -0.057372416 0.993506592 -0.098249974 -9.438837636 -0.767960736 0.018964597 0.640216098 85.329250880
0.641833540 0.110761017 0.758802809 120.176456069 -0.056526004 0.993655493 -0.097229486 -9.514087014 -0.764757816 0.019513054 0.644022300 85.854269864
0.645769926 0.108276242 0.755815757 120.785385816 -0.053299317 0.993871769 -0.096840538 -9.583002801 -0.761669472 0.022252243 0.647583549 86.375673192
0.649369435 0.104659108 0.753236887 121.403176039 -0.048001549 0.994150473 -0.096750655 -9.651294388 -0.758956645 0.026670381 0.650594730 86.917573545
0.653835976 0.098149309 0.750243447 122.041363464 -0.040205701 0.994656891 -0.095085073 -9.722517887 -0.755567349 0.032005977 0.654288620 87.454987226
0.657960453 0.092270484 0.747378217 122.680737277 -0.034431793 0.995113158 -0.092543256 -9.797813843 -0.752264909 0.035156231 0.657922143 88.010247294
0.660927814 0.087115222 0.745375988 123.323572550 -0.028965371 0.995460587 -0.090659951 -9.864482123 -0.749890280 0.038329592 0.660450914 88.590883330
0.664272316 0.085508512 0.742583722 123.956368094 -0.028388263 0.995604668 -0.089249380 -9.933838416 -0.746951402 0.038205230 0.663780057 89.173271171
0.667176050 0.087339204 0.739762111 124.598252525 -0.029249840 0.995408253 -0.091141964 -10.000467614 -0.744325577 0.039169812 0.666667204 89.764410732
0.670747770 0.091740515 0.735989882 125.234608352 -0.034667253 0.995114027 -0.092445960 -10.070523995 -0.740874895 0.036493174 0.670650906 90.353471241
0.673349789 0.095828971 0.733087218 125.859210483 -0.041860934 0.994915142 -0.091605257 -10.146742657 -0.738138011 0.030994665 0.673937391 90.941239330
0.676057720 0.092869440 0.730972794 126.495821516 -0.041797639 0.995261749 -0.087789566 -10.209615706 -0.735662230 0.028797877 0.676736113 91.557873882
0.679555378 0.090339453 0.728040707 127.146597095 -0.044795411 0.995647037 -0.081733405 -10.270172379 -0.732255324 0.022929492 0.680644091 92.180469674
0.683276207 0.084292271 0.725278180 127.794755487 -0.043654968 0.996253171 -0.074658308 -10.336737323 -0.728853805 0.019350250 0.684395864 92.794423263
0.687939127 0.080081595 0.721336742 128.441587590 -0.041747212 0.996614542 -0.070828142 -10.400439270 -0.724566718 0.018611652 0.688953321 93.417933102
0.692906909 0.077534608 0.716846148 129.104289936 -0.036454085 0.996697125 -0.072566804 -10.453886171 -0.720104934 0.024150069 0.693444777 94.042395448
0.698231549 0.074059206 0.712030854 129.747357366 -0.025891125 0.996596104 -0.078267837 -10.518054948 -0.715403629 0.036213793 0.697772318 94.661636854
0.703642307 0.075107029 0.706573731 130.386688522 -0.019677934 0.996076216 -0.086284127 -10.582996598 -0.710281833 0.046809251 0.702359318 95.287512913
0.709376231 0.075745935 0.700748112 131.027692619 -0.017203017 0.995773160 -0.090221231 -10.651534857 -0.704620053 0.051945815 0.707680869 95.935820940
0.715249776 0.071028657 0.695250091 131.666616775 -0.014595270 0.996123058 -0.086751545 -10.725141808 -0.698716492 0.051901660 0.713513476 96.597319246
0.721101927 0.066147825 0.689664031 132.314463918 -0.010883662 0.996390522 -0.084187131 -10.798774281 -0.692743500 0.053201432 0.719219056 97.278209080
0.726539043 0.063131734 0.684218827 132.949027524 -0.006282499 0.996338976 -0.085259458 -10.864576604 -0.687096463 0.057645721 0.724275791 97.959630009
0.731103529 0.064772144 0.679184952 133.578498391 -0.004166080 0.995888576 -0.090490819 -10.945112222 -0.682253819 0.063328619 0.728367498 98.637952690
0.734724375 0.066353244 0.675112835 134.201470643 -0.005029735 0.995710268 -0.092389203 -11.016134182 -0.678347105 0.064484961 0.731906343 99.322829562
0.737918850 0.063736738 0.671873053 134.830829571 -0.002963327 0.995826927 -0.091213756 -11.095938116 -0.674882945 0.065317370 0.735028334 100.011476311
0.740757327 0.058024875 0.669262054 135.467236430 0.000461683 0.996218422 -0.086882924 -11.175109046 -0.671772558 0.064668149 0.737929306 100.698081729
0.742379513 0.053986898 0.667800924 136.105261335 0.003606490 0.996411695 -0.084561968 -11.248957888 -0.669969889 0.065185490 0.739520926 101.397187087
0.742917594 0.049267400 0.667567354 136.734561987 0.007779702 0.996584897 -0.082207171 -11.311855263 -0.669337676 0.066266629 0.739997169 102.108961213
0.743074212 0.048713056 0.667433708 137.361392332 0.007919503 0.996637198 -0.081557196 -11.377413715 -0.669162161 0.065888793 0.740189617 102.811683061
0.742926579 0.048746590 0.667595588 137.990441470 0.007325234 0.996692993 -0.080928480 -11.443762886 -0.669332832 0.065014212 0.740112635 103.514427541
0.742405994 0.050900942 0.668013798 138.615753844 0.005671880 0.996596281 -0.082241606 -11.518406380 -0.669926242 0.064845555 0.739590349 104.208000219
0.741068794 0.054776419 0.669190994 139.239956091 0.001885756 0.996492916 -0.083655921 -11.587811369 -0.671426456 0.063256723 0.738366509 104.914004000
0.739116322 0.058414662 0.671040081 139.862430043 -0.001097649 0.996335597 -0.085522935 -11.657799123 -0.673576913 0.062474831 0.736472021 105.601538405
0.737425266 0.061057922 0.672663294 140.489343704 -0.005059486 0.996377061 -0.084894954 -11.732959301 -0.675409786 0.059200353 0.735062541 106.279939425
0.734480386 0.062741149 0.675723398 141.113901665 -0.007477112 0.996404811 -0.084389250 -11.813054466 -0.678588723 0.056929789 0.732308913 106.993762761
0.732500821 0.061819629 0.677953450 141.752701684 -0.007676575 0.996555096 -0.082577306 -11.886662330 -0.680722864 0.055283584 0.730451989 107.682321373
0.730449717 0.060624054 0.680270487 142.393725286 -0.008677954 0.996795978 -0.079513966 -11.954723747 -0.682911345 0.052177598 0.728635433 108.354933636
0.728046207 0.056451547 0.683199783 143.033423152 -0.004402914 0.996968175 -0.077685725 -12.030188173 -0.685513921 0.053550727 0.726087449 109.032914553
0.725194738 0.061119520 0.685825777 143.670264432 -0.005417562 0.996528139 -0.083080186 -12.105717488 -0.688522506 0.056533810 0.723008082 109.709576491
0.721604349 0.071570031 0.688596322 144.301476479 -0.010821682 0.995686573 -0.092147379 -12.174899075 -0.692221103 0.059042179 0.719266269 110.383419152
0.717870856 0.078852067 0.691696311 144.926611314 -0.013854488 0.994986226 -0.099047784 -12.250073094 -0.696038424 0.061520419 0.715364068 111.060556961
0.714364077 0.077604055 0.695457818 145.564895951 -0.015361829 0.995331341 -0.095286598 -12.325797876 -0.699605589 0.057385818 0.712221095 111.727535478
0.711191358 0.075686517 0.698912300 146.218910060 -0.017822252 0.995809118 -0.089702661 -12.408808485 -0.702772523 0.051339566 0.709559744 112.382162354
0.707767771 0.073684444 0.702591906 146.855815374 -0.019042291 0.996174069 -0.085291351 -12.480669975 -0.706188483 0.046987510 0.706463021 113.030222495
0.704649589 0.073668223 0.705720872 147.502107077 -0.018358767 0.996155699 -0.085655002 -12.553756095 -0.709317921 0.047400597 0.703293161 113.670612545
0.701820917 0.071927484 0.708712803 148.156736595 -0.016044128 0.996232983 -0.085219890 -12.626948227 -0.712172722 0.048438423 0.700331159 114.312627364
0.698741743 0.072159579 0.711725349 148.797092333 -0.012925577 0.996010717 -0.088292589 -12.695371088 -0.715257231 0.052494256 0.696886968 114.935838169
0.695387087 0.071441679 0.715075441 149.442488260 -0.009358341 0.995862129 -0.090393809 -12.771302790 -0.718574437 0.056166768 0.693178240 115.553829893
0.691552685 0.071915538 0.718737114 150.083968480 -0.006162498 0.995582649 -0.093686785 -12.850178166 -0.722299735 0.060360131 0.688941033 116.175245284
0.688073726 0.072369346 0.722023009 150.743576101 -0.006265473 0.995569796 -0.093816439 -12.924263942 -0.725613734 0.060028811 0.685478848 116.792123000
0.684041092 0.074046143 0.725675516 151.398218803 -0.008278825 0.995558476 -0.093780494 -13.004154043 -0.729396494 0.058141971 0.681615922 117.412807247
0.679497542 0.073919725 0.729944494 152.069819995 -0.007505129 0.995559803 -0.093831505 -13.082747544 -0.733639396 0.058279950 0.677035216 118.025565869
0.673876896 0.076177561 0.734906054 152.746679539 -0.008549289 0.995407971 -0.095340870 -13.149738192 -0.738794179 0.057965086 0.671433698 118.647290236
0.667813468 0.083138805 0.739670948 153.414370716 -0.011615953 0.994785448 -0.101326114 -13.221977137 -0.744238028 0.059074961 0.665296856 119.257230375
0.661718770 0.088755533 0.744480171 154.095808205 -0.014042693 0.994261383 -0.106052369 -13.300150901 -0.749620619 0.059722336 0.659167786 119.867420816
0.655493102 0.091404916 0.749649208 154.792049931 -0.013739646 0.993927487 -0.109175884 -13.382933834 -0.755076165 0.061264124 0.652768483 120.480671583
0.648900748 0.086090649 0.755986918 155.483600867 -0.014034449 0.994763473 -0.101235704 -13.463958365 -0.760743619 0.055082064 0.646710996 121.084176014
0.642173674 0.081573339 0.762206509 156.186999409 -0.018573329 0.995685667 -0.090912503 -13.543663731 -0.766334133 0.044224904 0.640918212 121.686083814
0.634947973 0.077665463 0.768641105 156.908168824 -0.018660885 0.996185510 -0.085242016 -13.622075310 -0.772329491 0.039780722 0.633975276 122.288467466
0.627862767 0.078981574 0.774306307 157.609176640 -0.023011777 0.996286768 -0.082964660 -13.691395094 -0.777983807 0.034272257 0.627348873 122.859442253
0.619857776 0.080184916 0.780606634 158.332000910 -0.020792897 0.996094604 -0.085809062 -13.766414939 -0.784438649 0.036958341 0.619104262 123.445467424
0.613733558 0.080178924 0.785431384 159.064106830 -0.014985533 0.995833743 -0.089947708 -13.841250204 -0.789370986 0.043433819 0.612378111 124.008907697
0.607124751 0.089093151 0.789596066 159.807957069 -0.014016975 0.994740595 -0.101462665 -13.913654522 -0.794482889 0.050532746 0.605180452 124.575218321
0.599896398 0.090043045 0.794994693 160.558329396 -0.009803635 0.994399545 -0.105230386 -13.998473671 -0.800017625 0.055333492 0.597419455 125.139677624
0.592418660 0.086618969 0.800960227 161.321661400 -0.007658303 0.994763807 -0.101913293 -14.088293969 -0.805593869 0.054241340 0.589979996 125.725183663
0.585431112 0.080408213 0.806724818 162.084156527 -0.002743434 0.995260198 -0.097209111 -14.180203998 -0.810717514 0.054696041 0.582876879 126.271958015
0.578670457 0.079371147 0.811690041 162.850985433 -0.001501316 0.995355042 -0.096260518 -14.271377814 -0.815560082 0.054484515 0.576101718 126.822730687
0.571892852 0.081066411 0.816312932 163.624926744 -0.002409978 0.995266874 -0.097149587 -14.354129792 -0.820324788 0.053591858 0.569381379 127.355229022
0.565964503 0.078939559 0.820641656 164.378636919 0.002573790 0.995231333 -0.097508816 -14.439515758 -0.824425592 0.057298688 0.563062433 127.871991087
0.561149849 0.072961195 0.824492275 165.135757152 0.007605335 0.995610862 -0.093280062 -14.526850021 -0.827679289 0.058614633 0.558131990 128.377834475
0.556706410 0.070345953 0.827725449 165.886360190 0.008498709 0.995873596 -0.090352378 -14.608405231 -0.830665844 0.057334346 0.553811365 128.876248939
0.552482018 0.069659482 0.830608919 166.634735034 0.006826102 0.996090186 -0.088078064 -14.687215290 -0.833496865 0.054331367 0.549846413 129.377353012
0.547954978 0.072121948 0.833392925 167.385965226 0.006747808 0.995862793 -0.090618791 -14.761134162 -0.836480609 0.055278593 0.545201310 129.869140202
0.544695247 0.074476012 0.835320544 168.111138137 0.008726105 0.995491670 -0.094446758 -14.839545792 -0.838588661 0.058733796 0.541589696 130.336892680
0.541836527 0.080094241 0.836658885 168.829827583 0.009050303 0.994835327 -0.101097792 -14.909719812 -0.840435167 0.062350493 0.538313242 130.796090928
0.538500359 0.083005778 0.838526925 169.562421123 0.007012638 0.994660268 -0.102964919 -14.986645256 -0.842596099 0.061326931 0.535042822 131.275365453
0.535782606 0.078231274 0.840724013 170.276152013 0.007722220 0.995202905 -0.097527156 -15.068166589 -0.844320654 0.058745609 0.532608287 131.736188851
0.534032809 0.070010211 0.842560104 171.006940399 0.011453810 0.995875072 -0.090009168 -15.143980933 -0.845386166 0.057718372 0.531028078 132.189592809
0.531861789 0.064601595 0.844363471 171.726529749 0.016122749 0.996132748 -0.086369012 -15.221082520 -0.846677681 0.059549838 0.528763389 132.628308247
0.529144983 0.062863127 0.846199630 172.423508295 0.021693204 0.995923795 -0.087551130 -15.295996948 -0.848254085 0.064684023 0.525624377 133.069917980
0.527236062 0.065619233 0.847181357 173.117764609 0.023207670 0.995529753 -0.091552793 -15.358764186 -0.849401871 0.067931039 0.523356317 133.489101729
0.525377905 0.072887758 0.847741371 173.801231966 0.020553513 0.994946325 -0.098282061 -15.438905208 -0.850620721 0.069059286 0.521224716 133.907181921
0.523277360 0.081220792 0.848282964 174.473601125 0.019128782 0.994077135 -0.106980093 -15.515623740 -0.851947706 0.072206880 0.518624404 134.330511966
0.521277016 0.082608678 0.849379820 175.150624520 0.023440350 0.993542229 -0.111015264 -15.585817021 -0.853065544 0.077779466 0.515974352 134.740272465
0.518749922 0.076536525 0.851493205 175.829299948 0.023467970 0.994334525 -0.103673073 -15.658389203 -0.854603869 0.073763215 0.514014801 135.154721935
0.515462038 0.068807992 0.854145390 176.482735605 0.017142689 0.995743437 -0.090560123 -15.732901675 -0.856740927 0.061322654 0.512088387 135.559767963
0.512151454 0.065688774 0.856379515 177.142762927 0.009601549 0.996570895 -0.082184320 -15.800776387 -0.858841486 0.050313389 0.509764518 135.975512525
0.510289188 0.067766369 0.857328796 177.790980337 0.008966498 0.996417200 -0.084097353 -15.864792058 -0.859956130 0.050601207 0.507853297 136.362133723
0.507884965 0.070669340 0.858521232 178.428454245 0.011453441 0.995987144 -0.088760513 -15.919826130 -0.861348757 0.054913152 0.505037489 136.736778537
0.505667546 0.072511478 0.859675764 179.055939311 0.013655425 0.995664079 -0.092013969 -15.979420088 -0.862620347 0.058267716 0.502484836 137.099377671
0.503241732 0.071182173 0.861208951 179.684043689 0.014182161 0.995787030 -0.090592811 -16.042347223 -0.864029296 0.057803887 0.500112073 137.469161975
0.500943922 0.070383188 0.862613119 180.300865274 0.014089095 0.995892575 -0.089439795 -16.106839680 -0.865365058 0.056957759 0.497894697 137.822627805
0.498466290 0.069883538 0.864087755 180.917152456 0.014525798 0.995932308 -0.088926030 -16.165277624 -0.866787378 0.056878192 0.495423569 138.191716440
0.495917556 0.070199715 0.865527456 181.539743210 0.016058864 0.995815175 -0.089968046 -16.226985769 -0.868221107 0.058516121 0.492714901 138.540330715
0.492557370 0.071748478 0.867317354 182.149177666 0.017404365 0.995584372 -0.092243411 -16.289897868 -0.870105928 0.060530280 0.489133683 138.879408055
0.488516747 0.073598849 0.869444994 182.745287489 0.017744572 0.995392255 -0.094230509 -16.351508188 -0.872374070 0.061461111 0.484959807 139.209834616
0.483743104 0.075674515 0.871932324 183.350877356 0.017956246 0.995187109 -0.096333752 -16.413327126 -0.875025818 0.062257420 0.480056071 139.553683587
0.478803520 0.078361504 0.874417900 183.932689161 0.017951613 0.994926421 -0.098990684 -16.468561681 -0.877738531 0.063094299 0.474967557 139.866981166
0.473305362 0.081734156 0.877098376 184.525270533 0.019463449 0.994472781 -0.103174912 -16.525471379 -0.880683376 0.065904598 0.469098471 140.181421296
0.467251247 0.084128222 0.880112898 185.121071021 0.021981683 0.994049401 -0.106689242 -16.594577146 -0.883851276 0.069197044 0.462621543 140.492916937
0.460876232 0.086949257 0.883194727 185.730884631 0.020780763 0.993858686 -0.108687960 -16.653245878 -0.887221088 0.068445158 0.456238974 140.807467965
0.453861869 0.089156956 0.886600497 186.338717240 0.016418171 0.993976202 -0.108359374 -16.723658214 -0.890920786 0.063736547 0.449664102 141.140781688
0.447254280 0.090938377 0.889771780 186.945447337 0.013038850 0.994049067 -0.108150082 -16.789514610 -0.894311801 0.059972188 0.443406968 141.458212748
0.440995911 0.092306263 0.892749775 187.570654837 0.012571236 0.993964310 -0.108981259 -16.854374780 -0.897421067 0.059283258 0.437173792 141.764887298
0.434223706 0.095220025 0.895758293 188.179835971 0.012198061 0.993684766 -0.111542786 -16.923005932 -0.900722477 0.059361036 0.430319982 142.057832359
0.426372008 0.100161307 0.898985330 188.788020657 0.009738618 0.993284532 -0.115286587 -16.990843917 -0.904495478 0.057909848 0.422533288 142.351345618
0.419052138 0.104049341 0.901980621 189.422645923 0.007710568 0.992968482 -0.118127645 -17.063067377 -0.907929431 0.056456425 0.415303286 142.645445229
0.411808696 0.106596564 0.905014238 190.054629969 0.006803857 0.992747419 -0.120026124 -17.140401962 -0.911244921 0.055585389 0.408096752 142.926309313
0.404078662 0.109384696 0.908160461 190.711204205 0.006457388 0.992458456 -0.122411251 -17.216909882 -0.914701447 0.055328119 0.400324945 143.220319606
0.396726177 0.111247700 0.911170835 191.378053661 0.005674380 0.992312757 -0.123625211 -17.302226947 -0.917919464 0.054215687 0.393045185 143.509383265
0.389748352 0.111483198 0.914148631 192.055857507 0.010161634 0.992064621 -0.125317714 -17.380726313 -0.920865334 0.058131617 0.385522699 143.789651639
0.382544004 0.110624240 0.917290773 192.740571040 0.012541096 0.992093166 -0.124875423 -17.463094424 -0.923852156 0.059274176 0.378131943 144.073004313
0.375109391 0.108094584 0.920656562 193.423290971 0.014203670 0.992391039 -0.122304051 -17.544491046 -0.926871728 0.058954100 0.370719859 144.346215321
0.367321431 0.105744578 0.924063337 194.133515348 0.013094433 0.992829592 -0.118818924 -17.632854191 -0.930001883 0.055744822 0.363302921 144.637572147
0.360573774 0.102202607 0.927114438 194.856057457 0.013215606 0.993319117 -0.114640653 -17.716079503 -0.932637068 0.053588792 0.356814153 144.918802518
0.354664165 0.098866193 0.929752013 195.607979785 0.017147511 0.993538794 -0.112190137 -17.798394638 -0.934836506 0.055732754 0.350677298 145.202145911
0.349283061 0.093056522 0.932385021 196.400645575 0.016831059 0.994272786 -0.105538345 -17.875318321 -0.936866084 0.052555783 0.345716402 145.486636428
0.343734948 0.088181893 0.934917237 197.195873889 0.018204229 0.994768471 -0.100520124 -17.949484833 -0.938890245 0.051571727 0.340331405 145.782062137
0.338711757 0.087307795 0.936830665 197.982598997 0.022989708 0.994620217 -0.101005428 -18.034087517 -0.940609281 0.055749190 0.334882381 146.070440620
0.333933154 0.095255418 0.937771323 198.806645268 0.027315456 0.993484947 -0.110641431 -18.113754083 -0.942200889 0.062562494 0.329155617 146.383620653
0.329237385 0.106417977 0.938231293 199.601438417 0.031501925 0.991837872 -0.123552680 -18.193720304 -0.943721555 0.070234253 0.323197736 146.656161891
0.325342433 0.112919124 0.938829895 200.378346588 0.038138003 0.990469532 -0.132346513 -18.280086694 -0.944826859 0.078863034 0.317935258 146.914488977
0.320867570 0.109023212 0.940828327 201.199336014 0.043814192 0.990580697 -0.129731258 -18.367814234 -0.946110099 0.082848186 0.313068458 147.202888877
0.315964073 0.101443741 0.943332323 201.983665943 0.050420083 0.991067210 -0.123464974 -18.471030218 -0.947430483 0.086573390 0.308026830 147.448770048
0.310717444 0.095480247 0.945694556 202.809916392 0.053813884 0.991578867 -0.117793961 -18.580600553 -0.948977732 0.087492136 0.302962688 147.731892843
0.305792817 0.101813851 0.946638628 203.655967083 0.050531781 0.991128987 -0.122922213 -18.685771863 -0.950756169 0.085424065 0.297935290 148.009346613
0.300506815 0.111911444 0.947191366 204.468646180 0.045471863 0.990282132 -0.131429100 -18.776447959 -0.952695106 0.082565896 0.292497707 148.286352477
0.295396723 0.115100613 0.948415850 205.331410295 0.042223724 0.990173256 -0.133319469 -18.884790449 -0.954441163 0.079427783 0.287633958 148.565518944
0.289471483 0.110673430 0.950766876 206.245724173 0.039663824 0.991053016 -0.127439003 -19.012117373 -0.956364492 0.074601007 0.282491855 148.870895084
0.283506074 0.108098519 0.952858340 207.182403145 0.036847670 0.991664665 -0.123464333 -19.118209030 -0.958262258 0.070113498 0.277159778 149.176968268
0.277651786 0.109686969 0.954399421 208.038861089 0.035335050 0.991622276 -0.124244503 -19.223613458 -0.960031729 0.068220459 0.271449902 149.430442928
0.272471149 0.113829731 0.955406858 208.947996863 0.034521685 0.991181280 -0.127937183 -19.326172078 -0.961544448 0.067841446 0.266138709 149.702434880
0.267638645 0.113926794 0.956760284 209.868307294 0.037986687 0.990965374 -0.128625964 -19.437674468 -0.962770257 0.070769432 0.260892929 149.959428928
0.263407557 0.113172487 0.958023198 210.802065521 0.042376660 0.990778604 -0.128693347 -19.545534718 -0.963753432 0.074496624 0.256182699 150.223368318
0.259385217 0.112623544 0.959184678 211.757801201 0.043774803 0.990785440 -0.128171672 -19.653996625 -0.964781362 0.075233958 0.252065023 150.481589538
0.255717657 0.111797304 0.960265506 212.738384298 0.045595294 0.990790879 -0.127493146 -19.777106678 -0.965675696 0.076385836 0.248265292 150.754889328
0.252109921 0.111195636 0.961288780 213.731013378 0.046257879 0.990855837 -0.126747464 -19.921718424 -0.966592363 0.076421473 0.244660912 151.054212029
0.249138131 0.110461375 0.962147845 214.652478624 0.043977793 0.991158923 -0.125179641 -20.023185263 -0.967468938 0.073500161 0.242077634 151.298994162
0.246035165 0.108256224 0.963196391 215.582754445 0.044048789 0.991467603 -0.122685354 -20.142432066 -0.968259470 0.072612546 0.239167340 151.542089385
0.243102802 0.108802360 0.963879180 216.539767681 0.040321892 0.991696917 -0.122112120 -20.252727437 -0.969162098 0.068551230 0.236697182 151.795868627
0.240989906 0.111608831 0.964088862 217.499770759 0.038322934 0.991496672 -0.124361176 -20.360092645 -0.969770704 0.066916502 0.234663512 152.038685701
0.239045144 0.112867092 0.964426482 218.421811924 0.037667397 0.991396045 -0.125359682 -20.479817156 -0.970277582 0.066294059 0.232737000 152.281422502
0.237052945 0.112955067 0.964907796 219.370485787 0.037831672 0.991391071 -0.125349546 -20.589225126 -0.970759839 0.066218555 0.230738894 152.509964853
0.235157055 0.112543465 0.965419664 220.306902479 0.037585609 0.991477776 -0.124736288 -20.702526230 -0.971230396 0.065618504 0.228922979 152.747135624
0.233750707 0.107250490 0.966363254 221.292440157 0.039204772 0.992049676 -0.119584387 -20.814051698 -0.971505838 0.065838986 0.227687582 152.991770039
0.232330708 0.106347493 0.966805385 222.257896250 0.041610491 0.992007673 -0.119119034 -20.928095112 -0.971746371 0.067904256 0.226048673 153.207411139
0.230217172 0.107452930 0.967188669 223.171083883 0.039396496 0.992041231 -0.119591441 -21.040233882 -0.972341488 0.065635848 0.224151657 153.431696867
0.228625321 0.114275630 0.966784124 224.090269713 0.039716534 0.991164861 -0.126549652 -21.157890980 -0.972703994 0.067329770 0.222066753 153.651576757
0.226790583 0.115989540 0.967012129 225.001429005 0.041008033 0.990865417 -0.128468151 -21.274163714 -0.973079839 0.068790632 0.219962443 153.851164391
0.223838512 0.117770770 0.967484556 225.898548405 0.039264382 0.990776825 -0.129690371 -21.388741180 -0.973835011 0.067017383 0.217149813 154.060448077
0.220610717 0.113611946 0.968722477 226.849441739 0.038836203 0.991382012 -0.125113771 -21.509342584 -0.974588457 0.065222941 0.214297239 154.283304795
0.217184645 0.108221806 0.970112813 227.769231075 0.038853389 0.992089112 -0.119371720 -21.623118367 -0.975356983 0.063617875 0.211261738 154.499012505
0.213177461 0.104130176 0.971448545 228.704523898 0.040070129 0.992535701 -0.115183626 -21.738729079 -0.976191454 0.063480621 0.207413731 154.704160066
0.208999779 0.104762463 0.972287982 229.615503454 0.038852320 0.992570669 -0.115299455 -21.845754984 -0.977143587 0.061873204 0.203376785 154.907610816
0.204850484 0.105838586 0.973054198 230.539297260 0.039489883 0.992433455 -0.116259994 -21.953302528 -0.977996333 0.062241713 0.199120921 155.102655371
0.200743848 0.106707299 0.973814900 231.456047778 0.040379854 0.992303921 -0.117057234 -22.055448356 -0.978811205 0.062821023 0.194890082 155.293951429
0.196067927 0.106404182 0.974800245 232.395417503 0.040214846 0.992386468 -0.116412477 -22.160237781 -0.979765347 0.062026195 0.190296129 155.499265928
0.191786451 0.105833266 0.975713727 233.323517467 0.040965273 0.992439144 -0.115699572 -22.264091102 -0.980581360 0.062159990 0.186000893 155.679474295
0.187550247 0.105561826 0.976566232 234.272159734 0.040464573 0.992534138 -0.115059126 -22.369364921 -0.981421175 0.061095703 0.181878509 155.863351670
0.183100217 0.106166573 0.977344857 235.206021220 0.039529574 0.992552666 -0.115224210 -22.478107148 -0.982299203 0.059731604 0.177539889 156.042995772
0.178578916 0.107076310 0.978081916 236.107718958 0.037513130 0.992597175 -0.115514555 -22.584877634 -0.983210220 0.057319378 0.173240160 156.219400184
0.174411907 0.107040958 0.978837433 237.051892500 0.035293636 0.992755483 -0.114851685 -22.687215089 -0.984040063 0.054578234 0.169370512 156.396594413
0.170421792 0.107872245 0.979448820 237.971749129 0.031311140 0.992894907 -0.114801204 -22.797216705 -0.984873609 0.050232286 0.165833326 156.564426356
0.166242995 0.112260703 0.979673824 238.882057174 0.026632755 0.992624949 -0.118264142 -22.903531893 -0.985725095 0.045751999 0.162027133 156.742797780
0.162827247 0.117596612 0.979621521 239.790597122 0.024193587 0.992097387 -0.123115575 -23.004667860 -0.986357926 0.043747129 0.158695403 156.901222194
0.159097591 0.120255530 0.979911508 240.694613221 0.022405295 0.991858373 -0.125359363 -23.105408828 -0.987008591 0.041899579 0.155107917 157.058526150
0.155705569 0.117721997 0.980763635 241.610521336 0.021152048 0.992248197 -0.122458590 -23.217398492 -0.987577018 0.039812644 0.152008509 157.204336915
0.152032232 0.114267398 0.981748014 242.522353963 0.021687289 0.992669709 -0.118897059 -23.329319209 -0.988137572 0.039367639 0.148439642 157.355397936
0.148912514 0.110999549 0.982600714 243.439220753 0.022508865 0.993041916 -0.115590244 -23.435646001 -0.988594161 0.039330060 0.145377894 157.497883250
0.145644902 0.110536746 0.983142508 244.323352694 0.023781852 0.993060500 -0.115174942 -23.533925609 -0.989051053 0.040155593 0.142005431 157.628845855
0.142206554 0.110621844 0.983636164 245.222056528 0.024507855 0.993037356 -0.115222280 -23.624228426 -0.989533557 0.040492176 0.138505316 157.759422463
0.138607405 0.112664751 0.983918005 246.132544166 0.024718590 0.992804847 -0.117164530 -23.726830714 -0.990038877 0.040560937 0.134825190 157.884775062
0.134379589 0.116208058 0.984092380 246.962066367 0.024836441 0.992392910 -0.120579700 -23.809872922 -0.990618634 0.040644802 0.130471157 157.980495498
0.129687977 0.111272510 0.985291560 247.882942628 0.034807389 0.992560036 -0.116674851 -23.906122302 -0.990943729 0.049426752 0.124849997 158.092578517
0.125703077 0.106159250 0.986371608 248.791728609 0.036411100 0.993094579 -0.111523043 -23.998930379 -0.991399500 0.049933664 0.120969670 158.196843927
0.120462280 0.107193517 0.986913567 249.714178640 0.038821870 0.992883920 -0.112580568 -24.105766612 -0.991958518 0.051875542 0.115443608 158.313215480
0.116324603 0.119512173 0.985994638 250.599370248 0.040633495 0.991330286 -0.124952720 -24.199601289 -0.992379719 0.054599483 0.110459905 158.402537513
0.111126666 0.131704515 0.985040499 251.473357516 0.042495254 0.989643321 -0.137114006 -24.299066976 -0.992897284 0.057096569 0.104378946 158.498063730
0.105619147 0.136020498 0.985059907 252.373226561 0.041812882 0.989117104 -0.141063951 -24.410604795 -0.993527191 0.056087248 0.098782295 158.595847822
0.100451684 0.130777241 0.986309674 253.264721620 0.039007392 0.990044028 -0.135245135 -24.528095655 -0.994176988 0.052058969 0.094350311 158.686740124
